26 0.340625 0.384375 0.2484375 0.2609375
26 0.50234375 0.14921875 0.1875 0.2109375
26 0.465625 0.371875 0.2578125 0.2625
26 0.61015625 0.40546875 0.253125 0.25
26 0.61640625 0.2015625 0.2234375 0.2171875
26 0.746875 0.2125 0.20625 0.221875
26 0.415625 0.83515625 0.2671875 0.225
26 0.62734375 0.85703125 0.2390625 0.221875
26 0.25625 0.1375 0.284375 0.275
26 0.15703125 0.80078125 0.3140625 0.2515625
26 0.1609375 0.5828125 0.2984375 0.3046875
26 0.1703125 0.33828125 0.228125 0.2859375
26 0.47890625 0.5484375 0.409375 0.1921875