21 0.4890625 0.6703125 0.3796875 0.2640625
43 0.25546875 0.559375 0.5109375 0.8
23 0.3859375 0.859375 0.1546875 0.1421875
23 0.7078125 0.121875 0.0609375 0.0515625
36 0.71171875 0.54140625 0.1625 0.1734375
16 0.71796875 0.6734375 0.5640625 0.5
43 0.81015625 0.24921875 0.3796875 0.4984375
24 0.57578125 0.6828125 0.8484375 0.634375
43 0.5203125 0.36015625 0.7 0.7203125
23 0.53046875 0.109375 0.075 0.0671875
23 0.6421875 0.01328125 0.065625 0.0265625
23 0.659375 0.04453125 0.06875 0.0609375
23 0.7265625 0.01484375 0.05625 0.0296875
23 0.371875 0.26875 0.059375 0.053125
23 0.33203125 0.2875 0.06875 0.0609375
23 0.303125 0.25 0.0625 0.059375
23 0.25234375 0.3296875 0.05625 0.0515625