45 0.84296875 0.484375 0.1703125 0.140625
24 0.3921875 0.5171875 0.784375 0.965625
23 0.34453125 0.7046875 0.3328125 0.3515625
36 0.23515625 0.47265625 0.3640625 0.2515625
55 0.315625 0.55625 0.2015625 0.1765625
16 0.34921875 0.3265625 0.3390625 0.2734375
11 0.49921875 0.503125 0.24375 0.25
7 0.73203125 0.1 0.1921875 0.1453125
7 0.8546875 0.3796875 0.053125 0.0765625
68 0.86171875 0.65390625 0.2578125 0.2203125
68 0.96640625 0.36953125 0.0671875 0.0828125
32 0.55703125 0.56171875 0.5390625 0.8015625
43 0.86328125 0.8328125 0.0828125 0.05625
7 0.81484375 0.29921875 0.1265625 0.1265625
7 0.69375 0.4015625 0.0953125 0.1015625
24 0.74140625 0.659375 0.1421875 0.3328125
68 0.98515625 0.3296875 0.0296875 0.06875