8 0.50859375 0.0890625 0.0421875 0.0453125
43 0.4046875 0.41953125 0.19375 0.0984375
8 0.5140625 0.04140625 0.0421875 0.0453125
43 0.47109375 0.14453125 0.146875 0.0859375
43 0.465625 0.39375 0.05625 0.0296875
56 0.4015625 0.4015625 0.00625 0.0046875
43 0.47734375 0.3375 0.053125 0.0265625
43 0.4078125 0.69375 0.075 0.034375
43 0.39609375 0.78203125 0.06875 0.0328125
60 0.3703125 0.44375 0.06875 0.0359375
43 0.4203125 0.60390625 0.046875 0.028125
43 0.5234375 0.02265625 0.08125 0.0453125
60 0.5171875 0.0921875 0.0953125 0.11875
60 0.4578125 0.3875 0.0109375 0.0078125
8 0.334375 0.96640625 0.025 0.0203125