26 0.48671875 0.696875 0.2953125 0.2875
26 0.20078125 0.68359375 0.2359375 0.2203125
26 0.409375 0.596875 0.3 0.296875
26 0.3609375 0.45703125 0.2875 0.2890625
26 0.18515625 0.56015625 0.2515625 0.2546875
26 0.125 0.4421875 0.25 0.240625
26 0.8296875 0.39453125 0.26875 0.2953125
26 0.73515625 0.203125 0.2578125 0.2703125
26 0.31953125 0.86796875 0.3203125 0.2640625
26 0.89296875 0.63671875 0.2140625 0.3578125
26 0.75 0.74375 0.346875 0.34375
26 0.5375 0.86328125 0.3125 0.2734375
26 0.5515625 0.4921875 0.2765625 0.4140625