64 0.5671875 0.16015625 0.0703125 0.040625
64 0.57421875 0.10078125 0.0515625 0.040625
1 0.19453125 0.30390625 0.11875 0.0828125
66 0.29140625 0.5421875 0.2671875 0.3296875
66 0.28515625 0.88984375 0.1421875 0.209375
43 0.14765625 0.26171875 0.28125 0.121875
43 0.240625 0.3828125 0.1671875 0.05
43 0.25 0.33984375 0.1265625 0.0390625
43 0.23828125 0.41640625 0.153125 0.0296875
43 0.21875 0.465625 0.1609375 0.0578125
43 0.25859375 0.89609375 0.0875 0.0265625
43 0.29375 0.196875 0.078125 0.01875
43 0.22578125 0.5015625 0.1578125 0.0359375
43 0.28203125 0.1296875 0.1015625 0.034375
43 0.290625 0.2203125 0.0796875 0.028125
43 0.25078125 0.35546875 0.146875 0.028125
64 0.37578125 0.359375 0.021875 0.0171875
64 0.37734375 0.04296875 0.015625 0.009375
64 0.42734375 0.046875 0.025 0.0109375
1 0.27578125 0.3265625 0.040625 0.01875
32 0.2359375 0.4796875 0.028125 0.021875
43 0.27578125 0.30625 0.0859375 0.0359375
66 0.15703125 0.89453125 0.3140625 0.1984375
66 0.32109375 0.190625 0.1328125 0.225
66 0.309375 0.753125 0.0296875 0.040625
64 0.625 0.15625 0.0328125 0.025
32 0.28203125 0.1421875 0.025 0.0109375
43 0.2609375 0.8421875 0.084375 0.025
64 0.4421875 0.475 0.028125 0.0125
64 0.44453125 0.46484375 0.025 0.0109375
64 0.3859375 0.08671875 0.009375 0.0078125
32 0.26484375 0.3265625 0.059375 0.01875
32 0.2765625 0.73515625 0.009375 0.009375