43 0.4140625 0.57421875 0.828125 0.8515625
55 0.80078125 0.7359375 0.046875 0.0609375
38 0.93359375 0.640625 0.1328125 0.321875
28 0.96953125 0.4140625 0.0546875 0.0921875
36 0.82890625 0.68203125 0.0609375 0.084375
36 0.83671875 0.6703125 0.0703125 0.10625
55 0.759375 0.68984375 0.059375 0.06875
55 0.77109375 0.7515625 0.0921875 0.109375
55 0.57734375 0.34375 0.1421875 0.25
55 0.59921875 0.325 0.1265625 0.2234375
55 0.60625 0.646875 0.0953125 0.1515625
36 0.85546875 0.6828125 0.0578125 0.08125
36 0.85 0.65859375 0.053125 0.0765625
36 0.865625 0.67734375 0.05625 0.0796875
55 0.8140625 0.771875 0.0671875 0.0671875
55 0.72109375 0.65546875 0.0578125 0.078125
55 0.80234375 0.8328125 0.0453125 0.0578125
55 0.7921875 0.75703125 0.0578125 0.06875