55 0.44140625 0.52265625 0.3421875 0.153125
18 0.33203125 0.1671875 0.05 0.0953125
18 0.4234375 0.146875 0.05625 0.1171875
18 0.3546875 0.1640625 0.01875 0.0546875
18 0.37265625 0.1 0.096875 0.078125
55 0.13671875 0.29140625 0.1546875 0.2703125
55 0.1171875 0.44921875 0.165625 0.1140625
55 0.52578125 0.87421875 0.1234375 0.10625
55 0.1125 0.32890625 0.1375 0.184375
55 0.24609375 0.07734375 0.2171875 0.1546875
13 0.4203125 0.8046875 0.2203125 0.1609375
13 0.24453125 0.3484375 0.2609375 0.2703125
13 0.15 0.1484375 0.240625 0.296875
13 0.50078125 0.49765625 0.2890625 0.2171875
13 0.3640625 0.14453125 0.29375 0.2890625
13 0.36328125 0.5796875 0.228125 0.175
13 0.31953125 0.66484375 0.2546875 0.1703125
13 0.58359375 0.83046875 0.146875 0.0890625
13 0.31171875 0.8109375 0.1640625 0.153125
14 0.68203125 0.465625 0.0375 0.06875
14 0.58671875 0.159375 0.0671875 0.0671875
14 0.72890625 0.4421875 0.04375 0.0640625
18 0.3171875 0.096875 0.05 0.071875
18 0.40546875 0.0765625 0.03125 0.06875
24 0.5 0.49296875 1 0.9859375
28 0.66875 0.10390625 0.153125 0.15625
55 0.2203125 0.675 0.0765625 0.06875
13 0.6984375 0.809375 0.1609375 0.103125
13 0.81875 0.76171875 0.2 0.1515625
13 0.9203125 0.6875 0.1328125 0.16875
14 0.821875 0.3109375 0.0703125 0.0625
18 0.4421875 0.09296875 0.065625 0.0703125
18 0.140625 0.13828125 0.0234375 0.034375
18 0.446875 0.14921875 0.05625 0.0625
18 0.746875 0.2421875 0.078125 0.096875
18 0.37421875 0.17421875 0.040625 0.0515625
18 0.3765625 0.03359375 0.0359375 0.0265625
55 0.13125 0.6640625 0.034375 0.0234375
14 0.6203125 0.31640625 0.04375 0.0484375
14 0.55625 0.3671875 0.0390625 0.071875
14 0.7578125 0.478125 0.0296875 0.03125
13 0.8546875 0.56640625 0.290625 0.2328125