43 0.4921875 0.44375 0.9125 0.8875
47 0.24453125 0.5453125 0.09375 0.0703125
11 0.36484375 0.3671875 0.0734375 0.10625
11 0.91015625 0.51875 0.0265625 0.0296875
11 0.978125 0.4796875 0.0390625 0.0484375
11 0.984375 0.4734375 0.03125 0.046875
11 0.95 0.49375 0.075 0.0703125
11 0.93828125 0.58046875 0.1234375 0.1609375
11 0.96015625 0.67109375 0.046875 0.053125
54 0.66015625 0.05234375 0.2640625 0.1046875
45 0.13203125 0.7140625 0.171875 0.1765625
45 0.240625 0.7390625 0.190625 0.2
45 0.1859375 0.84453125 0.1765625 0.196875