43 0.31484375 0.53203125 0.209375 0.92734375
43 0.14453125 0.5546875 0.2890625 0.890625
43 0.1984375 0.3484375 0.2546875 0.62421875
43 0.20078125 0.2875 0.0546875 0.20625
43 0.7328125 0.5203125 0.275 0.9296875
70 0.58828125 0.59609375 0.0375 0.140625
70 0.2671875 0.48203125 0.078125 0.23203125
70 0.3875 0.4203125 0.0390625 0.13828125
43 0.09375 0.77265625 0.1875 0.434375
70 0.053125 0.54921875 0.10625 0.2984375
43 0.57890625 0.378125 0.078125 0.41328125
22 0.6921875 0.57421875 0.0203125 0.03046875
68 0.5 0.2359375 0.1375 0.17578125