55 0.2796875 0.0828125 0.53125 0.165625
14 0.5328125 0.70703125 0.1 0.1234375
14 0.46171875 0.58046875 0.3078125 0.2578125
18 0.61953125 0.84765625 0.1453125 0.1953125
18 0.759375 0.69140625 0.13125 0.1828125
18 0.78359375 0.54140625 0.11875 0.184375
18 0.84921875 0.671875 0.1078125 0.1796875
18 0.39453125 0.375 0.0609375 0.0859375
18 0.42734375 0.19765625 0.11875 0.15625
13 0.5 0.5078125 1 0.965625
18 0.37421875 0.490625 0.1375 0.184375
18 0.2625 0.53359375 0.1078125 0.1640625
18 0.64453125 0.15703125 0.09375 0.1046875
18 0.60234375 0.50546875 0.0875 0.1296875