55 0.4640625 0.4484375 0.13125 0.3375
18 0.78203125 0.25625 0.09375 0.04375
18 0.82421875 0.340625 0.115625 0.0484375
18 0.79140625 0.27734375 0.053125 0.015625
18 0.85703125 0.2796875 0.0734375 0.0921875
55 0.61484375 0.096875 0.2625 0.1375
55 0.45703125 0.11640625 0.103125 0.1609375
55 0.14296875 0.615625 0.1 0.11875
55 0.57265625 0.0828125 0.178125 0.1265625
55 0.8765625 0.14453125 0.2 0.20625
13 0.18515625 0.49609375 0.1484375 0.2125
13 0.5859375 0.215625 0.25625 0.246875
13 0.76875 0.0921875 0.3125 0.184375
13 0.50234375 0.50078125 0.2 0.278125
13 0.8296875 0.27734375 0.3109375 0.2765625
13 0.38984375 0.38671875 0.1609375 0.2203125
13 0.29609375 0.36484375 0.1546875 0.246875
13 0.2 0.6609375 0.08125 0.1421875
13 0.15234375 0.3921875 0.14375 0.15625
14 0.57734375 0.66796875 0.0671875 0.034375
14 0.8515625 0.5015625 0.0640625 0.0640625
14 0.61171875 0.70859375 0.0625 0.0390625
18 0.846875 0.225 0.06875 0.046875
18 0.8875 0.30625 0.0671875 0.028125
24 0.52265625 0.5 0.9546875 1
28 0.92578125 0.56796875 0.1484375 0.14375
55 0.2625 0.2703125 0.065625 0.0734375
13 0.2484375 0.7671875 0.09375 0.15625
13 0.3234375 0.87265625 0.140625 0.19375
13 0.41875 0.9453125 0.1625 0.109375
14 0.7609375 0.76640625 0.0578125 0.0671875
18 0.88125 0.3453125 0.0671875 0.0609375
18 0.7640625 0.06328125 0.0328125 0.021875
18 0.82734375 0.3640625 0.0609375 0.053125
18 0.809375 0.67734375 0.0921875 0.0734375
18 0.7859375 0.29921875 0.05 0.0390625
18 0.92265625 0.26796875 0.025 0.034375
55 0.2515625 0.18203125 0.021875 0.0328125
14 0.70703125 0.571875 0.046875 0.040625
14 0.6421875 0.52265625 0.0703125 0.034375
14 0.58359375 0.7453125 0.0296875 0.028125
13 0.52109375 0.86015625 0.2140625 0.2796875