56 0.5 0.015625 0.0234375 0.0265625
43 0.74375 0.40859375 0.4171875 0.315625
43 0.8703125 0.575 0.259375 0.290625
43 0.8703125 0.7265625 0.259375 0.28125
43 0.646875 0.82734375 0.115625 0.084375
43 0.53046875 0.5859375 0.125 0.0890625
43 0.59296875 0.65 0.0796875 0.06875
43 0.60078125 0.72109375 0.109375 0.084375
43 0.79140625 0.88828125 0.1875 0.121875
43 0.36953125 0.15546875 0.059375 0.0515625
3 0.73984375 0.5140625 0.0515625 0.0828125
4 0.82890625 0.51015625 0.078125 0.0578125
43 0.790625 0.84609375 0.153125 0.1171875
43 0.61484375 0.6828125 0.065625 0.0515625
43 0.6921875 0.9078125 0.115625 0.08125
43 0.38203125 0.209375 0.075 0.0515625