56 0.8484375 0.16328125 0.0234375 0.0265625
43 0.73515625 0.61171875 0.4171875 0.3046875
43 0.725 0.840625 0.3171875 0.2859375
43 0.63359375 0.91328125 0.3703125 0.1734375
43 0.36640625 0.8328125 0.115625 0.08125
43 0.459375 0.58125 0.125 0.0859375
43 0.45625 0.67109375 0.078125 0.06875
43 0.4109375 0.72578125 0.109375 0.08125
43 0.42265625 0.9609375 0.1890625 0.078125
43 0.65703125 0.16640625 0.059375 0.05
3 0.65625 0.68203125 0.0484375 0.084375
4 0.72109375 0.74375 0.078125 0.05625
43 0.453125 0.94609375 0.153125 0.1078125
43 0.4484375 0.709375 0.065625 0.05
43 0.33984375 0.92109375 0.115625 0.078125
43 0.6265625 0.21328125 0.075 0.05