17 0.46328125 0.9328125 0.025 0.028125
17 0.48125 0.99140625 0.03125 0.0171875
17 0.48984375 0.82421875 0.025 0.028125
0 0.4984375 0.54453125 0.50625 0.38125
66 0.353125 0.97734375 0.05625 0.0453125
64 0.340625 0.40703125 0.0046875 0.00625
17 0.4109375 0.9734375 0.0203125 0.025
17 0.390625 0.96484375 0.025 0.028125
17 0.4953125 0.921875 0.0234375 0.0265625
17 0.48125 0.4828125 0.0125 0.015625
17 0.1109375 0.64375 0.015625 0.0171875
17 0.51171875 0.86875 0.0296875 0.0359375
15 0.6484375 0.41796875 0.0421875 0.0375
66 0.5078125 0.4625 0.0296875 0.0375
17 0.43515625 0.45859375 0.0125 0.0125
15 0.884375 0.79140625 0.0390625 0.0515625