43 0.328125 0.58203125 0.5703125 0.8359375
55 0.6609375 0.846875 0.0234375 0.05625
38 0.89609375 0.8609375 0.2046875 0.25546875
28 0.95703125 0.63671875 0.0125 0.09609375
36 0.71015625 0.81171875 0.0265625 0.08203125
36 0.72265625 0.8046875 0.025 0.10546875
55 0.6453125 0.78671875 0.0359375 0.05859375
55 0.62734375 0.84765625 0.05625 0.09375
55 0.63984375 0.39609375 0.021875 0.26953125
55 0.66796875 0.3890625 0.0203125 0.24140625
55 0.528125 0.67890625 0.028125 0.15703125
36 0.73359375 0.82421875 0.025 0.07734375
36 0.73984375 0.8 0.021875 0.075
36 0.7453125 0.82421875 0.0234375 0.07734375
22 0.0421875 0.06328125 0.084375 0.1265625
55 0.65625 0.88515625 0.05 0.04921875
55 0.6265625 0.7390625 0.0265625 0.075
55 0.61875 0.93359375 0.0234375 0.05390625
55 0.64375 0.86171875 0.034375 0.05859375
55 0.97734375 0.1453125 0.0078125 0.05390625