56 0.3421875 0.95859375 0.0171875 0.0234375
43 0.23984375 0.50703125 0.3921875 0.209375
43 0.1453125 0.29921875 0.2765625 0.225
43 0.171875 0.146875 0.34375 0.1875
43 0.46796875 0.14296875 0.109375 0.0546875
43 0.49921875 0.409375 0.1203125 0.0546875
43 0.46171875 0.32734375 0.06875 0.053125
43 0.4765625 0.2578125 0.1015625 0.05625
43 0.35078125 0.0375 0.1859375 0.0671875
43 0.5109375 0.86875 0.053125 0.0390625
3 0.278125 0.40859375 0.0265625 0.084375
4 0.1921875 0.38359375 0.075 0.0375
43 0.3375 0.078125 0.1421875 0.0796875
43 0.45078125 0.28984375 0.0625 0.034375
43 0.4515625 0.0515625 0.1109375 0.05
43 0.5171875 0.81328125 0.071875 0.03125