12 0.45390625 0.36171875 0.0578125 0.0296875
12 0.45078125 0.38671875 0.0453125 0.025
12 0.44453125 0.3953125 0.059375 0.0296875
12 0.4546875 0.3734375 0.0515625 0.0265625
12 0.67265625 0.35625 0.071875 0.0484375
46 0.5796875 0.26796875 0.321875 0.2375
12 0.6953125 0.32265625 0.0796875 0.040625
12 0.4046875 0.32734375 0.0375 0.025
12 0.33984375 0.34765625 0.034375 0.025
12 0.35 0.3 0.0375 0.0265625
12 0.353125 0.28359375 0.0375 0.028125
21 0.859375 0.76484375 0.215625 0.2703125
70 0.34765625 0.7109375 0.0625 0.0390625
70 0.3515625 0.73125 0.08125 0.0484375
70 0.34296875 0.78359375 0.071875 0.04375
70 0.32265625 0.8546875 0.084375 0.0546875
70 0.334375 0.82421875 0.0875 0.05
70 0.3390625 0.8046875 0.0796875 0.04375
23 0.4265625 0.7390625 0.0546875 0.0546875
23 0.4140625 0.790625 0.05 0.046875
23 0.4328125 0.696875 0.0421875 0.040625
23 0.4359375 0.665625 0.0421875 0.040625
13 0.58359375 0.17421875 0.0484375 0.090625
38 0.5484375 0.3765625 0.0859375 0.0984375
42 0.56875 0.56015625 0.0921875 0.0921875
70 0.32890625 0.83515625 0.0859375 0.04375
70 0.34296875 0.76484375 0.08125 0.0484375
70 0.34921875 0.7484375 0.0734375 0.0390625
23 0.42890625 0.72265625 0.053125 0.046875
23 0.41484375 0.1390625 0.0484375 0.0359375
23 0.428125 0.11171875 0.034375 0.03125
23 0.42109375 0.16015625 0.0171875 0.0140625
23 0.37421875 0.690625 0.046875 0.0390625
23 0.415625 0.765625 0.0453125 0.0359375
13 0.55078125 0.1859375 0.0234375 0.0453125
13 0.57265625 0.171875 0.0375 0.0875
13 0.56640625 0.16640625 0.0359375 0.0796875
13 0.5609375 0.16640625 0.040625 0.0875
13 0.39921875 0.38359375 0.025 0.025
24 0.97890625 0.4734375 0.0421875 0.2125