55 0.46796875 0.44609375 0.109375 0.33125
18 0.7984375 0.2765625 0.090625 0.0375
18 0.834375 0.3640625 0.1125 0.040625
18 0.80625 0.2984375 0.053125 0.0125
18 0.871875 0.30546875 0.0671875 0.0890625
55 0.6421875 0.10625 0.2546875 0.1203125
55 0.48359375 0.1140625 0.09375 0.1546875
55 0.1359375 0.590625 0.0921875 0.1125
55 0.6015625 0.0890625 0.1703125 0.115625
55 0.90078125 0.171875 0.1875 0.19375
13 0.1859375 0.47421875 0.134375 0.203125
13 0.60546875 0.22265625 0.2421875 0.23125
13 0.7984375 0.096875 0.3 0.19375
13 0.50234375 0.50078125 0.1828125 0.2671875
13 0.84453125 0.30078125 0.2953125 0.25625
13 0.39765625 0.37890625 0.146875 0.2109375
13 0.30625 0.35078125 0.1390625 0.2375
13 0.1890625 0.63984375 0.071875 0.1390625
13 0.1609375 0.36875 0.134375 0.146875
14 0.565625 0.6734375 0.065625 0.0296875
14 0.85078125 0.52578125 0.0609375 0.0609375
14 0.596875 0.715625 0.059375 0.0359375
18 0.86484375 0.25 0.065625 0.0421875
18 0.9 0.33359375 0.065625 0.0234375
24 0.5390625 0.5 0.921875 1
28 0.91953125 0.59765625 0.1390625 0.1359375
55 0.27890625 0.2546875 0.0609375 0.0703125
13 0.23046875 0.74921875 0.084375 0.1515625
13 0.29765625 0.859375 0.128125 0.184375
13 0.38828125 0.94453125 0.1546875 0.1109375
14 0.74140625 0.784375 0.0546875 0.0640625
18 0.890625 0.371875 0.0640625 0.0578125
18 0.79375 0.0828125 0.03125 0.01875
18 0.83671875 0.38671875 0.0578125 0.05
18 0.79609375 0.6984375 0.0890625 0.0671875
18 0.79921875 0.31953125 0.046875 0.0359375
18 0.93828125 0.29765625 0.021875 0.0328125
55 0.27421875 0.165625 0.01875 0.03125
14 0.7015625 0.58671875 0.04375 0.0375
14 0.640625 0.5328125 0.06875 0.0296875
14 0.56640625 0.75078125 0.028125 0.025
13 0.49609375 0.8640625 0.1953125 0.271875