0 0.6296875 0.5 0.740625 1
43 0.43046875 0.390625 0.3953125 0.1609375
43 0.428125 0.25859375 0.3484375 0.121875
43 0.39765625 0.7265625 0.3375 0.1078125
43 0.41171875 0.58203125 0.284375 0.1109375
43 0.4234375 0.51796875 0.28125 0.1
43 0.42890625 0.478125 0.3 0.0921875
43 0.446875 0.31484375 0.2875 0.1078125
43 0.5984375 0.7609375 0.2015625 0.09375
43 0.6796875 0.49609375 0.16875 0.125
43 0.4234375 0.4484375 0.2859375 0.0875
32 0.4265625 0.2828125 0.0609375 0.0359375
32 0.4515625 0.30234375 0.05625 0.0359375
61 0.49375 0.73203125 0.0203125 0.0046875
32 0.38984375 0.75859375 0.065625 0.0390625
43 0.67890625 0.73203125 0.05625 0.0390625
43 0.47734375 0.44765625 0.15625 0.0453125