20 0.52578125 0.5234375 0.046875 0.040625
43 0.5765625 0.446875 0.846875 0.846875
43 0.7078125 0.8859375 0.496875 0.228125
43 0.71953125 0.7671875 0.375 0.2171875
43 0.5609375 0.12265625 0.684375 0.2453125
20 0.4109375 0.02734375 0.0265625 0.0296875
43 0.52109375 0.8046875 0.09375 0.0796875
43 0.56328125 0.70625 0.2140625 0.171875
43 0.3859375 0.35390625 0.190625 0.096875
43 0.403125 0.3140625 0.2046875 0.1171875
43 0.67890625 0.6625 0.1359375 0.1203125
43 0.57890625 0.86875 0.23125 0.1296875
43 0.44765625 0.24921875 0.1796875 0.146875