12 0.10625 0.9328125 0.0625 0.134375
54 0.825 0.6234375 0.34765625 0.4625
54 0.15 0.63828125 0.29765625 0.40625
43 0.48515625 0.49921875 0.41640625 0.978125
43 0.21796875 0.68359375 0.42890625 0.54375
43 0.728125 0.61171875 0.22265625 0.4015625
23 0.26875 0.96484375 0.10625 0.0703125
23 0.04453125 0.965625 0.0890625 0.06875
47 0.28984375 0.5203125 0.09140625 0.034375
32 0.784375 0.79140625 0.13515625 0.1140625
43 0.046875 0.74140625 0.09375 0.3171875
43 0.9125 0.7078125 0.175 0.359375
45 0.30390625 0.26796875 0.22890625 0.3140625
45 0.33203125 0.60390625 0.10390625 0.1125