45 0.4859375 0.84296875 0.1484375 0.175
24 0.49765625 0.40234375 0.9953125 0.8046875
23 0.309375 0.32734375 0.365625 0.35
36 0.55 0.2390625 0.275 0.36875
55 0.46015625 0.3109375 0.1875 0.2078125
16 0.6859375 0.365625 0.2921875 0.346875
11 0.496875 0.49921875 0.259375 0.2546875
7 0.878125 0.765625 0.15625 0.1953125
7 0.5890625 0.8640625 0.0765625 0.0578125
68 0.315625 0.846875 0.234375 0.2640625
68 0.5859375 0.97109375 0.090625 0.0578125
32 0.43359375 0.5515625 0.8078125 0.5890625
43 0.1375 0.8328125 0.0609375 0.0828125
7 0.671875 0.83046875 0.1328125 0.1328125
7 0.58125 0.7015625 0.1046875 0.1
24 0.3203125 0.7265625 0.328125 0.16875