45 0.39609375 0.17265625 0.10625 0.15
24 0.575 0.646875 0.85 0.70625
23 0.73828125 0.59765625 0.2984375 0.26875
36 0.5421875 0.7625 0.1734375 0.3375
55 0.60234375 0.6640625 0.1390625 0.175
16 0.37109375 0.68984375 0.20625 0.3
11 0.503125 0.5 0.2078125 0.2
7 0.05390625 0.3796875 0.10625 0.1734375
7 0.2921875 0.18828125 0.0703125 0.0375
68 0.5546875 0.11171875 0.171875 0.2234375
68 0.2453125 0.05625 0.05625 0.1125
32 0.54453125 0.42890625 0.7453125 0.3640625
43 0.72734375 0.06328125 0.0390625 0.0765625
7 0.225 0.2484375 0.1046875 0.1046875
7 0.3546875 0.33828125 0.0859375 0.078125
24 0.59140625 0.22578125 0.3359375 0.0578125
68 0.2 0.04296875 0.046875 0.0859375