43 0.64765625 0.421875 0.6203125 0.84375
43 0.72578125 0.37265625 0.5484375 0.7453125
43 0.7890625 0.4921875 0.421875 0.671875
43 0.8640625 0.546875 0.1453125 0.2078125
43 0.3125 0.5578125 0.625 0.884375
70 0.3765625 0.45625 0.0984375 0.1421875
70 0.7140625 0.40625 0.178125 0.240625
70 0.63671875 0.5171875 0.0984375 0.1390625
43 0.7296875 0.15234375 0.36875 0.3046875
70 0.87109375 0.246875 0.234375 0.3140625
43 0.4875 0.64453125 0.2625 0.4015625
22 0.2953125 0.525 0.0328125 0.0375
68 0.62421875 0.7328125 0.203125 0.21875