3 0.4171875 0.85625 0.125 0.01875
4 0.17109375 0.9296875 0.0328125 0.0171875
4 0.49296875 0.1234375 0.0421875 0.015625
4 0.865625 0.4015625 0.021875 0.009375
43 0.8296875 0.5609375 0.1296875 0.0390625
43 0.82265625 0.41015625 0.171875 0.059375
43 0.8078125 0.31171875 0.1453125 0.0484375
43 0.48828125 0.13046875 0.221875 0.053125
43 0.28828125 0.8765625 0.25625 0.071875
43 0.2234375 0.9390625 0.178125 0.0609375
43 0.23125 0.97265625 0.21875 0.0546875
43 0.9046875 0.8390625 0.0484375 0.0265625
43 0.8796875 0.82109375 0.1203125 0.028125
43 0.97890625 0.890625 0.0421875 0.01875
43 0.89921875 0.3859375 0.1265625 0.040625
43 0.8515625 0.8625 0.1109375 0.0296875
43 0.83984375 0.8796875 0.109375 0.021875