55 0.08828125 0.65078125 0.1765625 0.5484375
14 0.709375 0.5 0.1375 0.11875
14 0.5734375 0.55 0.3015625 0.3421875
18 0.86171875 0.4359375 0.2140625 0.1734375
18 0.7296875 0.27421875 0.2 0.1578125
18 0.58515625 0.2265625 0.2 0.1453125
18 0.72421875 0.18203125 0.19375 0.134375
18 0.359375 0.584375 0.09375 0.0734375
18 0.18984375 0.525 0.171875 0.140625
13 0.5 0.5 1 1
18 0.47109375 0.62265625 0.203125 0.1640625
18 0.49609375 0.73984375 0.178125 0.13125
18 0.18359375 0.30390625 0.1171875 0.109375
18 0.521875 0.4 0.140625 0.10625