56 0.41171875 0.4796875 0.1125 0.1203125
43 0.42734375 0.37421875 0.5875 0.6125
43 0.190625 0.48359375 0.203125 0.175
43 0.22265625 0.709375 0.1015625 0.13125
43 0.240625 0.5734375 0.1515625 0.13125
43 0.25 0.2703125 0.1484375 0.125
43 0.4953125 0.04765625 0.178125 0.0953125
43 0.46171875 0.28984375 0.4046875 0.3015625
43 0.43515625 0.1453125 0.171875 0.1359375
43 0.16015625 0.6734375 0.11875 0.0984375
43 0.1421875 0.71328125 0.1078125 0.0796875
43 0.2234375 0.40859375 0.059375 0.05625
43 0.1046875 0.84609375 0.1484375 0.096875