17 0.4421875 0.253125 0.0453125 0.0515625
17 0.42734375 0.16953125 0.0390625 0.0453125
17 0.4546875 0.303125 0.0328125 0.040625
17 0.4140625 0.06640625 0.0453125 0.05
65 0.58828125 0.5203125 0.5109375 0.8046875
17 0.440625 0.2078125 0.0359375 0.04375
17 0.3671875 0.06640625 0.0203125 0.0296875
66 0.45234375 0.47421875 0.034375 0.04375
66 0.4453125 0.42890625 0.0265625 0.040625
17 0.4109375 0.0203125 0.040625 0.040625
17 0.44296875 0.23671875 0.0421875 0.0453125
17 0.4390625 0.39609375 0.0171875 0.0265625
17 0.44453125 0.42578125 0.028125 0.0359375
17 0.45390625 0.45234375 0.021875 0.0328125
17 0.425 0.2125 0.0234375 0.0328125
17 0.44609375 0.27109375 0.0359375 0.0375