55 0.24140625 0.125 0.4828125 0.24375
14 0.56875 0.69765625 0.115625 0.1359375
14 0.4765625 0.5859375 0.3390625 0.296875
18 0.678125 0.82109375 0.1703125 0.2125
18 0.78828125 0.64296875 0.1546875 0.1984375
18 0.78671875 0.49140625 0.1421875 0.1984375
18 0.87421875 0.60859375 0.13125 0.1921875
18 0.37421875 0.3953125 0.071875 0.0921875
18 0.37578125 0.21484375 0.1390625 0.1703125
13 0.5 0.5 1 1
18 0.375 0.5125 0.1609375 0.2015625
18 0.271875 0.57421875 0.128125 0.1765625
18 0.5828125 0.1375 0.1078125 0.115625
18 0.6015625 0.4875 0.1046875 0.140625