8 0.565625 0.8171875 0.1453125 0.0671875
8 0.71796875 0.13828125 0.05625 0.0359375
15 0.51015625 0.45234375 0.6484375 0.7421875
43 0.63828125 0.10703125 0.034375 0.0234375
43 0.67734375 0.13046875 0.0828125 0.040625
43 0.6421875 0.0796875 0.034375 0.021875
43 0.63828125 0.14609375 0.0546875 0.0203125
43 0.60078125 0.2875 0.0609375 0.01875
43 0.64375 0.06640625 0.034375 0.0171875
43 0.428125 0.9296875 0.0609375 0.0546875
43 0.42578125 0.97265625 0.0578125 0.040625
43 0.44296875 0.9921875 0.0453125 0.015625