68 0.17890625 0.421875 0.3578125 0.35625
68 0.3265625 0.4015625 0.2671875 0.240625
68 0.39609375 0.35859375 0.221875 0.1921875
68 0.47109375 0.35859375 0.11875 0.1125
68 0.4796875 0.29375 0.1453125 0.06875
68 0.60234375 0.32890625 0.0859375 0.0703125
68 0.64921875 0.18046875 0.0875 0.2171875
68 0.14921875 0.58203125 0.2984375 0.6390625
68 0.06875 0.5125 0.1375 0.271875
68 0.28828125 0.425 0.2265625 0.26875
68 0.409375 0.39609375 0.159375 0.1765625
43 0.58359375 0.540625 0.159375 0.4625
43 0.815625 0.5203125 0.1359375 0.440625
43 0.29375 0.74765625 0.1875 0.4203125
43 0.86484375 0.4515625 0.0890625 0.140625
43 0.85234375 0.37421875 0.0515625 0.1046875
43 0.9359375 0.4515625 0.0921875 0.11875
43 0.84375 0.31875 0.0328125 0.08125
68 0.55390625 0.34296875 0.14375 0.1109375
32 0.2578125 0.9703125 0.103125 0.059375
21 0.58671875 0.78828125 0.49375 0.3671875
43 0.38515625 0.5609375 0.0859375 0.0640625
43 0.4859375 0.46640625 0.0515625 0.0828125
43 0.90078125 0.321875 0.0140625 0.0328125
43 0.440625 0.93203125 0.203125 0.1359375
43 0.5125 0.4453125 0.034375 0.0875
21 0.41171875 0.65234375 0.146875 0.125
21 0.16796875 0.76015625 0.25 0.284375
21 0.153125 0.99140625 0.1625 0.0171875
21 0.4265625 0.66875 0.1234375 0.0859375
21 0.103125 0.90546875 0.125 0.1890625
21 0.409375 0.6109375 0.1 0.059375
21 0.453125 0.7125 0.125 0.059375
21 0.3875 0.5703125 0.10625 0.071875
43 0.9625 0.3453125 0.0203125 0.0625
68 0.7453125 0.25 0.1140625 0.0890625
32 0.2453125 0.89296875 0.0671875 0.0375
32 0.28125 0.87265625 0.11875 0.1578125