21 0.665625 0.31484375 0.1859375 0.1765625
21 0.59609375 0.46015625 0.2625 0.1640625
28 0.12109375 0.55390625 0.2421875 0.3265625
36 0.13671875 0.38984375 0.2515625 0.0609375
44 0.11328125 0.421875 0.2265625 0.546875
24 0.790625 0.3375 0.1890625 0.2453125
43 0.5 0.62890625 1 0.7421875
43 0.48203125 0.21328125 0.6359375 0.4265625
43 0.84921875 0.5375 0.3015625 0.2375
43 0.90703125 0.41796875 0.1859375 0.1328125
43 0.9171875 0.3421875 0.165625 0.15
43 0.83828125 0.14921875 0.3234375 0.2515625
43 0.95703125 0.29296875 0.0859375 0.0640625
43 0.8828125 0.71796875 0.18125 0.078125
23 0.83984375 0.3484375 0.040625 0.034375
21 0.6078125 0.05234375 0.359375 0.1046875
21 0.796875 0.70703125 0.0328125 0.0390625
24 0.68671875 0.96953125 0.0859375 0.0609375
43 0.971875 0.48671875 0.05625 0.0296875
43 0.8875 0.6421875 0.209375 0.15
24 0.14296875 0.47734375 0.2859375 0.9546875
23 0.8421875 0.315625 0.05 0.0359375
23 0.834375 0.3890625 0.0390625 0.0359375
23 0.8328125 0.41484375 0.05 0.0328125