43 0.49296875 0.6875 0.9515625 0.3984375
43 0.4796875 0.8125 0.93125 0.375
43 0.31015625 0.76328125 0.6203125 0.3796875
43 0.2296875 0.7484375 0.2125 0.096875
43 0.5421875 0.2765625 0.915625 0.4625
70 0.6125 0.43359375 0.1453125 0.065625
70 0.434375 0.72421875 0.2421875 0.125
70 0.3984375 0.59375 0.1421875 0.0671875
43 0.68203125 0.90859375 0.4640625 0.1828125
70 0.45546875 0.93203125 0.3140625 0.1359375
43 0.396875 0.39765625 0.4203125 0.1625
22 0.6125 0.32734375 0.034375 0.0265625
68 0.24140625 0.4453125 0.2 0.1703125