61 0.6359375 0.78359375 0.221875 0.384375
43 0.225 0.8140625 0.365625 0.371875
43 0.87578125 0.6796875 0.2484375 0.41875
43 0.29921875 0.78359375 0.25625 0.384375
43 0.9421875 0.53046875 0.115625 0.2828125
43 0.06953125 0.55703125 0.0515625 0.0921875
43 0.365625 0.7015625 0.103125 0.1171875
43 0.72265625 0.5109375 0.096875 0.1171875
43 0.64375 0.48203125 0.0671875 0.0703125
43 0.975 0.7140625 0.05 0.253125
1 0.74765625 0.70390625 0.265625 0.4609375
43 0.534375 0.54609375 0.81875 0.9078125
43 0.82109375 0.4609375 0.01875 0.025
43 0.90546875 0.5765625 0.1890625 0.325