0 0.44609375 0.5 0.8921875 1
43 0.52578125 0.62734375 0.3890625 0.28125
43 0.48046875 0.75078125 0.334375 0.23125
43 0.6765625 0.325 0.3203125 0.215625
43 0.61171875 0.4546875 0.278125 0.1984375
43 0.578125 0.5109375 0.2703125 0.1875
43 0.55859375 0.54609375 0.2828125 0.1875
43 0.4828125 0.69140625 0.2796875 0.196875
43 0.5015625 0.22109375 0.2015625 0.153125
43 0.33125 0.4390625 0.1875 0.1671875
43 0.55234375 0.57578125 0.26875 0.178125
32 0.490625 0.72890625 0.0640625 0.053125
32 0.475 0.70234375 0.059375 0.05
61 0.5890625 0.2859375 0.01875 0.0109375
32 0.6953125 0.2984375 0.0703125 0.0578125
43 0.41640625 0.21953125 0.0609375 0.053125
43 0.50234375 0.55703125 0.146875 0.0953125