12 0.5671875 0.62890625 0.0578125 0.021875
12 0.56640625 0.60390625 0.0453125 0.01875
12 0.57109375 0.59453125 0.0609375 0.0203125
12 0.56484375 0.61796875 0.0515625 0.01875
12 0.35234375 0.66875 0.06875 0.0390625
46 0.45703125 0.74140625 0.309375 0.1984375
12 0.334375 0.70546875 0.0796875 0.0296875
12 0.62109375 0.65546875 0.0359375 0.0203125
12 0.68203125 0.62578125 0.0328125 0.0203125
12 0.6796875 0.6734375 0.0359375 0.021875
12 0.67890625 0.690625 0.0375 0.0234375
21 0.10390625 0.29453125 0.1859375 0.2578125
70 0.6171875 0.26796875 0.0625 0.0296875
70 0.61015625 0.2484375 0.08125 0.0375
70 0.6109375 0.1953125 0.071875 0.0328125
70 0.61953125 0.121875 0.0828125 0.04375
70 0.6125 0.15390625 0.0875 0.0375
70 0.61171875 0.1734375 0.0796875 0.0328125
23 0.53515625 0.25234375 0.05 0.0484375
23 0.53984375 0.19921875 0.046875 0.0421875
23 0.53515625 0.2953125 0.0390625 0.0375
23 0.5375 0.3265625 0.0390625 0.0375
13 0.46875 0.83515625 0.0375 0.090625
38 0.471875 0.62890625 0.0765625 0.0921875
42 0.42265625 0.4515625 0.0828125 0.084375
70 0.61640625 0.1421875 0.0859375 0.03125
70 0.6140625 0.2140625 0.08125 0.0375
70 0.61015625 0.23125 0.0734375 0.0296875
23 0.53515625 0.26875 0.0484375 0.0421875
23 0.640625 0.84296875 0.046875 0.03125
23 0.63203125 0.87265625 0.03125 0.028125
23 0.63125 0.82265625 0.0171875 0.0125
23 0.59453125 0.2921875 0.0453125 0.034375
23 0.54140625 0.22421875 0.04375 0.0296875
13 0.4984375 0.81796875 0.0171875 0.046875
13 0.4796875 0.83515625 0.025 0.0890625
13 0.48671875 0.83984375 0.0234375 0.08125
13 0.4921875 0.8390625 0.028125 0.0890625
13 0.61796875 0.59921875 0.021875 0.0234375
24 0.01796875 0.6046875 0.0359375 0.215625