43 0.31328125 0.4796875 0.4578125 0.95
43 0.20234375 0.4609375 0.4046875 0.921875
43 0.25078125 0.303125 0.4171875 0.60625
43 0.27109375 0.21328125 0.109375 0.2140625
43 0.71796875 0.54921875 0.5203125 0.9015625
70 0.55859375 0.61640625 0.075 0.1453125
70 0.28125 0.41875 0.1390625 0.24375
70 0.4140625 0.3921875 0.075 0.1421875
43 0.0921875 0.65 0.184375 0.46875
70 0.07421875 0.4234375 0.1484375 0.315625
43 0.609375 0.4046875 0.1890625 0.41875
22 0.6640625 0.62421875 0.028125 0.0359375
68 0.57265625 0.24609375 0.1796875 0.20625