43 0.43203125 0.4828125 0.8640625 0.796875
47 0.48671875 0.75859375 0.0546875 0.0953125
11 0.33984375 0.60234375 0.1109375 0.053125
11 0.61015625 0.1046875 0.028125 0.021875
11 0.5875 0.0296875 0.0484375 0.03125
11 0.58359375 0.01953125 0.0484375 0.028125
11 0.5953125 0.06015625 0.0625 0.0703125
11 0.68515625 0.07734375 0.1265625 0.1546875
11 0.7703125 0.08984375 0.0515625 0.040625
54 0.07265625 0.2234375 0.1453125 0.2375
45 0.62578125 0.90703125 0.1625 0.1546875
45 0.675 0.80703125 0.1859375 0.1703125
45 0.76484375 0.88359375 0.1875 0.153125