3 0.4296875 0.85859375 0.125 0.0234375
4 0.18671875 0.940625 0.0328125 0.01875
4 0.4796875 0.12421875 0.0421875 0.0171875
4 0.8625 0.3890625 0.0234375 0.0109375
43 0.83125 0.55 0.13125 0.04375
43 0.81953125 0.39921875 0.1734375 0.065625
43 0.80078125 0.30078125 0.1453125 0.053125
43 0.47578125 0.13125 0.221875 0.059375
43 0.3015625 0.88359375 0.25625 0.0796875
43 0.2390625 0.9484375 0.1796875 0.065625
43 0.2484375 0.975 0.21875 0.05
43 0.91640625 0.825 0.05 0.028125
43 0.890625 0.8078125 0.1203125 0.03125
43 0.98515625 0.87421875 0.0296875 0.0203125
43 0.89453125 0.371875 0.128125 0.0453125
43 0.8640625 0.85 0.1109375 0.034375
43 0.853125 0.86796875 0.109375 0.0265625