21 0.38828125 0.6296875 0.3890625 0.15625
21 0.0703125 0.88359375 0.140625 0.1234375
43 0.2234375 0.36875 0.446875 0.7375
23 0.1921875 0.71875 0.1390625 0.1140625
23 0.89375 0.3234375 0.0578125 0.0375
36 0.64375 0.66015625 0.1328125 0.1515625
16 0.609375 0.80078125 0.6546875 0.3296875
43 0.89375 0.4765625 0.2125 0.534375
24 0.4875 0.7703125 0.975 0.459375
43 0.61015625 0.3875 0.5609375 0.6703125
23 0.759375 0.20625 0.06875 0.0515625
23 0.915625 0.184375 0.0609375 0.0421875
23 0.9015625 0.23203125 0.0625 0.046875
23 0.97734375 0.24140625 0.0453125 0.0421875
23 0.53671875 0.23828125 0.053125 0.0421875
23 0.49375 0.22890625 0.0625 0.046875
23 0.49375 0.18203125 0.0546875 0.0484375
23 0.4046875 0.21484375 0.05 0.040625