17 0.73359375 0.5984375 0.0515625 0.04375
17 0.81015625 0.6359375 0.04375 0.0375
17 0.6859375 0.57890625 0.040625 0.03125
17 0.90078125 0.68515625 0.05 0.04375
65 0.43203125 0.559375 0.8046875 0.4890625
17 0.77109375 0.6234375 0.04375 0.034375
17 0.92890625 0.64765625 0.0296875 0.0203125
66 0.54921875 0.4765625 0.0421875 0.0328125
66 0.58984375 0.49765625 0.040625 0.0265625
17 0.940625 0.7109375 0.0421875 0.040625
17 0.74609375 0.60859375 0.0453125 0.040625
17 0.61953125 0.51171875 0.0265625 0.015625
17 0.59296875 0.49921875 0.0359375 0.0265625
17 0.565625 0.490625 0.0328125 0.0203125
17 0.7765625 0.60859375 0.0328125 0.021875
17 0.7171875 0.590625 0.0359375 0.0359375