21 0.3484375 0.4203125 0.125 0.384375
21 0.0390625 0.14453125 0.078125 0.1796875
43 0.5734375 0.19609375 0.734375 0.3921875
23 0.21796875 0.24921875 0.103125 0.13125
23 0.76015625 0.84375 0.0328125 0.0546875
36 0.37578125 0.6765625 0.14375 0.121875
16 0.23203125 0.6734375 0.278125 0.6390625
43 0.61484375 0.896875 0.5234375 0.20625
24 0.21015625 0.5265625 0.4203125 0.946875
43 0.634375 0.58203125 0.6359375 0.5125
23 0.84453125 0.68671875 0.046875 0.065625
23 0.90078125 0.83359375 0.0375 0.0578125
23 0.8515625 0.83125 0.04375 0.0609375
23 0.86015625 0.909375 0.0390625 0.046875
23 0.76328125 0.4765625 0.0375 0.05
23 0.7625 0.4328125 0.04375 0.0609375
23 0.80859375 0.421875 0.04375 0.0515625
23 0.75625 0.34296875 0.0375 0.046875