12 0.88125 0.94375 0.140625 0.078125
54 0.66171875 0.19609375 0.5015625 0.3921875
54 0.59453125 0.84609375 0.4390625 0.3078125
43 0.5 0.5140625 1 0.53125
43 0.64765625 0.778125 0.5921875 0.44375
43 0.6390625 0.2875 0.425 0.26875
23 0.9328125 0.7859375 0.0828125 0.1140625
23 0.90703125 0.9796875 0.0796875 0.040625
47 0.49453125 0.7109375 0.0453125 0.09375
32 0.82421875 0.253125 0.1296875 0.146875
43 0.68359375 0.95625 0.3265625 0.0875
43 0.75625 0.115625 0.378125 0.2171875
45 0.24609375 0.66640625 0.3390625 0.2640625
45 0.5828125 0.6796875 0.125 0.115625