43 0.20546875 0.5390625 0.034375 0.0234375
43 0.24375 0.46875 0.0328125 0.01875
43 0.2484375 0.459375 0.034375 0.0171875
43 0.19765625 0.56328125 0.0359375 0.03125
35 0.48203125 0.69453125 0.040625 0.0359375
35 0.4203125 0.42265625 0.0171875 0.01875
35 0.73359375 0.75859375 0.034375 0.0234375
35 0.50703125 0.4765625 0.0328125 0.0390625
43 0.146875 0.7984375 0.0453125 0.021875
43 0.1640625 0.7671875 0.0359375 0.0171875
17 0.2875 0.384375 0.015625 0.01875
17 0.26484375 0.43125 0.015625 0.01875
17 0.271875 0.40546875 0.0125 0.015625
17 0.27109375 0.3515625 0.0234375 0.0328125
35 0.2953125 0.0625 0.046875 0.071875
35 0.31171875 0.584375 0.0515625 0.0671875
43 0.2484375 0.365625 0.0328125 0.0203125
43 0.15546875 0.775 0.0375 0.015625
43 0.13828125 0.8375 0.025 0.0140625
43 0.2703125 0.32890625 0.053125 0.021875
43 0.27734375 0.30703125 0.0578125 0.0265625
43 0.28359375 0.28671875 0.0640625 0.028125