43 0.49921875 0.625 0.9984375 0.75
55 0.88203125 0.50703125 0.0609375 0.0453125
38 0.91875 0.3015625 0.1625 0.296875
28 0.8234375 0.14921875 0.0921875 0.053125
36 0.87265625 0.44765625 0.084375 0.059375
36 0.87109375 0.43359375 0.10625 0.06875
55 0.82109375 0.4953125 0.06875 0.0578125
55 0.86796875 0.53828125 0.109375 0.0921875
55 0.46796875 0.32890625 0.2515625 0.1375
55 0.47421875 0.30078125 0.225 0.1234375
55 0.6734375 0.553125 0.153125 0.09375
36 0.89375 0.43203125 0.08125 0.05625
36 0.875 0.415625 0.0765625 0.053125
36 0.89921875 0.421875 0.08125 0.0546875
55 0.91484375 0.528125 0.0671875 0.0671875
55 0.7703125 0.49140625 0.0796875 0.05625
55 0.94140625 0.58359375 0.0578125 0.04375
55 0.88828125 0.5296875 0.06875 0.05625