17 0.25625 0.43046875 0.0484375 0.040625
17 0.17578125 0.403125 0.0421875 0.034375
17 0.30625 0.44453125 0.0390625 0.028125
17 0.0796875 0.36484375 0.046875 0.0390625
65 0.56015625 0.4328125 0.7921875 0.409375
17 0.215625 0.41015625 0.040625 0.03125
17 0.05625 0.40625 0.028125 0.0171875
66 0.4546875 0.52890625 0.040625 0.0296875
66 0.4109375 0.51328125 0.0390625 0.021875
17 0.0375 0.34453125 0.0390625 0.0375
17 0.2421875 0.421875 0.0421875 0.0375
17 0.3796875 0.50234375 0.0265625 0.0140625
17 0.4078125 0.5125 0.034375 0.0234375
17 0.4359375 0.5171875 0.03125 0.0171875
17 0.2125 0.4265625 0.03125 0.01875
17 0.2734375 0.4359375 0.034375 0.0328125