55 0.528125 0.55625 0.1203125 0.334375
18 0.18671875 0.7015625 0.0921875 0.040625
18 0.15703125 0.6125 0.1140625 0.0453125
18 0.18046875 0.6796875 0.053125 0.0140625
18 0.115625 0.66875 0.0703125 0.090625
55 0.33046875 0.8828125 0.259375 0.128125
55 0.4890625 0.8859375 0.0984375 0.1578125
55 0.86953125 0.43515625 0.096875 0.115625
55 0.3703125 0.903125 0.175 0.121875
55 0.08671875 0.7984375 0.1734375 0.2
13 0.8109375 0.54765625 0.1421875 0.2078125
13 0.37578125 0.76953125 0.2484375 0.2390625
13 0.17421875 0.88515625 0.30625 0.2125
13 0.49765625 0.49921875 0.1921875 0.2734375
13 0.146875 0.67421875 0.29375 0.2671875
13 0.59375 0.62734375 0.1546875 0.215625
13 0.6828125 0.6625 0.146875 0.2421875
13 0.81953125 0.38203125 0.0765625 0.140625
13 0.82890625 0.6546875 0.1390625 0.1515625
14 0.446875 0.32265625 0.0671875 0.03125
14 0.15234375 0.45 0.0625 0.0625
14 0.41875 0.278125 0.0609375 0.0375
18 0.11796875 0.72421875 0.0671875 0.04375
18 0.0890625 0.63828125 0.0671875 0.025
24 0.46875 0.5 0.9375 1
28 0.08828125 0.3734375 0.14375 0.1390625
55 0.703125 0.76015625 0.0625 0.071875
13 0.78671875 0.2703125 0.0890625 0.1546875
13 0.7265625 0.15625 0.134375 0.1890625
13 0.64296875 0.0625 0.159375 0.11875
14 0.27890625 0.2 0.05625 0.065625
18 0.1015625 0.6 0.065625 0.059375
18 0.178125 0.8953125 0.0328125 0.0203125
18 0.15625 0.5890625 0.059375 0.0515625
18 0.21796875 0.28125 0.090625 0.0703125
18 0.1890625 0.65859375 0.0484375 0.0375
18 0.04921875 0.67109375 0.0234375 0.034375
55 0.7015625 0.84921875 0.0203125 0.0328125
14 0.3046875 0.4 0.0453125 0.0390625
14 0.3625 0.4578125 0.0703125 0.03125
14 0.4515625 0.2453125 0.0296875 0.0265625
13 0.52890625 0.1375 0.2046875 0.275