3 0.4484375 0.86171875 0.1234375 0.0296875
4 0.21015625 0.95703125 0.0328125 0.0203125
4 0.46015625 0.12578125 0.0421875 0.01875
4 0.85625 0.3703125 0.0234375 0.0125
43 0.83359375 0.53203125 0.13125 0.05
43 0.8140625 0.3828125 0.1734375 0.0734375
43 0.78984375 0.28515625 0.146875 0.0609375
43 0.45625 0.1328125 0.221875 0.071875
43 0.321875 0.89375 0.2578125 0.0921875
43 0.2625 0.96171875 0.1796875 0.075
43 0.27421875 0.97890625 0.2203125 0.0421875
43 0.9328125 0.80234375 0.05 0.0296875
43 0.90625 0.7875 0.1203125 0.0375
43 0.99453125 0.84765625 0.0109375 0.0234375
43 0.8875 0.3515625 0.128125 0.0515625
43 0.88203125 0.83046875 0.1109375 0.0390625
43 0.871875 0.8484375 0.109375 0.03125