43 0.68828125 0.67421875 0.4546875 0.5171875
43 0.81484375 0.209375 0.2203125 0.2109375
60 0.74921875 0.603125 0.2078125 0.1515625
21 0.14765625 0.55546875 0.0890625 0.06875
21 0.2265625 0.51171875 0.0953125 0.075
21 0.3875 0.42421875 0.0984375 0.078125
21 0.52421875 0.490625 0.1171875 0.090625
21 0.29765625 0.525 0.1078125 0.0875
21 0.215625 0.56171875 0.1046875 0.08125
21 0.13046875 0.6125 0.096875 0.075
21 0.06875 0.6 0.096875 0.0734375
21 0.815625 0.3453125 0.1390625 0.1203125
21 0.6328125 0.37578125 0.1046875 0.0765625
21 0.61796875 0.4390625 0.10625 0.0828125
21 0.47265625 0.421875 0.16875 0.165625
21 0.31015625 0.4828125 0.1140625 0.1015625