8 0.82265625 0.46796875 0.0796875 0.146875
8 0.1625 0.24609375 0.040625 0.0578125
15 0.45390625 0.48515625 0.7796875 0.703125
43 0.1234375 0.32109375 0.025 0.034375
43 0.15078125 0.28515625 0.0484375 0.084375
43 0.096875 0.31484375 0.0234375 0.034375
43 0.1625 0.32578125 0.0265625 0.0546875
43 0.29921875 0.37734375 0.025 0.0609375
43 0.08359375 0.31171875 0.0203125 0.034375
43 0.91953125 0.61640625 0.059375 0.0640625
43 0.9625 0.6234375 0.0453125 0.059375
43 0.98515625 0.60859375 0.021875 0.0453125