43 0.721875 0.37109375 0.48125 0.3609375
43 0.3140625 0.1140625 0.1765625 0.196875
60 0.67109375 0.29140625 0.1015625 0.209375
21 0.45 0.853125 0.05 0.0875
21 0.43125 0.76484375 0.0546875 0.09375
21 0.39453125 0.5859375 0.0578125 0.096875
21 0.4984375 0.47421875 0.0640625 0.115625
21 0.46484375 0.70078125 0.0640625 0.1046875
21 0.47578125 0.790625 0.0578125 0.103125
21 0.49921875 0.8859375 0.0546875 0.096875
21 0.46953125 0.9421875 0.0515625 0.096875
21 0.44453125 0.15234375 0.0953125 0.13125
21 0.4203125 0.33671875 0.053125 0.1046875
21 0.4765625 0.36953125 0.0609375 0.1046875
21 0.4171875 0.503125 0.1421875 0.146875
21 0.428125 0.6765625 0.0828125 0.1046875