43 0.31953125 0.45234375 0.6078125 0.9046875
43 0.24453125 0.425 0.4890625 0.85
43 0.29921875 0.28203125 0.5109375 0.5640625
43 0.3296875 0.175 0.1421875 0.209375
43 0.68203125 0.5734375 0.6359375 0.853125
70 0.53515625 0.62578125 0.096875 0.1421875
70 0.30078125 0.378125 0.175 0.2421875
70 0.4359375 0.378125 0.096875 0.140625
43 0.09765625 0.5578125 0.1953125 0.471875
70 0.096875 0.33984375 0.19375 0.3140625
43 0.62578125 0.42734375 0.25625 0.403125
22 0.6375 0.653125 0.0328125 0.0375
68 0.61953125 0.26484375 0.2015625 0.21875