56 0.49140625 0.015625 0.0234375 0.0265625
43 0.7421875 0.40390625 0.4171875 0.3203125
43 0.87109375 0.5671875 0.2578125 0.29375
43 0.87265625 0.71796875 0.2546875 0.2859375
43 0.65234375 0.825 0.115625 0.0859375
43 0.53203125 0.58515625 0.125 0.090625
43 0.5953125 0.6484375 0.0796875 0.0703125
43 0.6046875 0.71953125 0.109375 0.0859375
43 0.7984375 0.8828125 0.1875 0.1234375
43 0.36328125 0.1578125 0.059375 0.0515625
3 0.73984375 0.509375 0.0515625 0.0828125
4 0.82890625 0.5046875 0.078125 0.059375
43 0.796875 0.840625 0.153125 0.11875
43 0.61796875 0.68046875 0.065625 0.0515625
43 0.69921875 0.9046875 0.115625 0.0828125
43 0.3765625 0.21171875 0.075 0.053125