26 0.63984375 0.6390625 0.2765625 0.284375
26 0.44296875 0.84609375 0.209375 0.2296875
26 0.5140625 0.63203125 0.284375 0.2875
26 0.3765625 0.5765625 0.278125 0.2765625
26 0.33828125 0.7765625 0.2453125 0.240625
26 0.2109375 0.7453125 0.2296875 0.2421875
26 0.6359375 0.18203125 0.2875 0.2546875
26 0.43046875 0.12734375 0.2609375 0.246875
26 0.6828125 0.871875 0.3125 0.25625
26 0.8578125 0.2578125 0.284375 0.290625
26 0.84140625 0.4703125 0.3171875 0.334375
26 0.8 0.7109375 0.2609375 0.30625
26 0.528125 0.45546875 0.415625 0.2484375