0 0.5 0.4015625 1 0.803125
43 0.38203125 0.55390625 0.209375 0.3984375
43 0.25078125 0.5375 0.165625 0.3484375
43 0.71015625 0.6328125 0.1515625 0.3359375
43 0.56953125 0.5984375 0.146875 0.2859375
43 0.50703125 0.578125 0.1359375 0.28125
43 0.46875 0.5671875 0.13125 0.2984375
43 0.309375 0.5265625 0.14375 0.2890625
43 0.771875 0.4390625 0.11875 0.2046875
43 0.52109375 0.321875 0.14375 0.1796875
43 0.43828125 0.56875 0.1234375 0.284375
32 0.275 0.54296875 0.04375 0.0640625
32 0.29765625 0.52109375 0.0421875 0.059375
61 0.72890625 0.5390625 0.0078125 0.0203125
32 0.740625 0.6453125 0.046875 0.06875
43 0.7546875 0.35546875 0.0453125 0.059375
43 0.4453125 0.51484375 0.065625 0.1546875