0 0.39296875 0.5 0.7859375 1
43 0.60546875 0.575 0.3984375 0.196875
43 0.65703125 0.696875 0.3484375 0.1546875
43 0.51015625 0.25234375 0.3359375 0.140625
43 0.55078125 0.390625 0.2859375 0.1375
43 0.5640625 0.4546875 0.28125 0.1265625
43 0.57421875 0.49375 0.2984375 0.121875
43 0.61796875 0.6515625 0.2890625 0.134375
43 0.3109375 0.2953125 0.2046875 0.1125
43 0.33515625 0.57109375 0.1765625 0.1390625
43 0.58984375 0.51953125 0.284375 0.115625
32 0.64921875 0.6734375 0.0625 0.040625
32 0.61953125 0.66484375 0.0578125 0.040625
61 0.41953125 0.2828125 0.0203125 0.00625
32 0.50546875 0.21953125 0.06875 0.0453125
43 0.24765625 0.35234375 0.059375 0.04375
43 0.540625 0.53984375 0.15625 0.0609375