17 0.7265625 0.61484375 0.053125 0.046875
17 0.8 0.65703125 0.0453125 0.0390625
17 0.6796875 0.59140625 0.040625 0.0328125
17 0.88671875 0.71328125 0.0515625 0.0453125
65 0.428125 0.5546875 0.8046875 0.5328125
17 0.76171875 0.6421875 0.04375 0.0375
17 0.9171875 0.67734375 0.0296875 0.021875
66 0.55 0.4796875 0.04375 0.0359375
66 0.58984375 0.50390625 0.040625 0.028125
17 0.925 0.740625 0.04375 0.0421875
17 0.73828125 0.62578125 0.046875 0.0421875
17 0.61875 0.5203125 0.0265625 0.0171875
17 0.5921875 0.50546875 0.0359375 0.028125
17 0.56640625 0.4953125 0.0328125 0.021875
17 0.76796875 0.62734375 0.0328125 0.0234375
17 0.71015625 0.60625 0.0375 0.0375