43 0.6546875 0.425 0.690625 0.85
55 0.28671875 0.1828125 0.03125 0.059375
38 0.08671875 0.2046875 0.1734375 0.284375
28 0.02734375 0.43671875 0.028125 0.096875
36 0.24375 0.225 0.0390625 0.084375
36 0.23203125 0.23359375 0.040625 0.109375
55 0.31171875 0.23984375 0.0453125 0.0640625
55 0.31953125 0.1765625 0.0703125 0.1015625
55 0.378125 0.62421875 0.0640625 0.26875
55 0.3515625 0.6359375 0.0578125 0.240625
55 0.44453125 0.32734375 0.0515625 0.159375
36 0.21875 0.21640625 0.0375 0.08125
36 0.21640625 0.24140625 0.0328125 0.078125
36 0.20703125 0.21796875 0.0359375 0.08125
22 0.984375 0.859375 0.03125 0.1375
55 0.28515625 0.14375 0.0578125 0.0578125
55 0.3375 0.28359375 0.0375 0.078125
55 0.31484375 0.090625 0.03125 0.05625
55 0.3015625 0.16484375 0.04375 0.0640625
55 0.084375 0.925 0.015625 0.053125