26 0.34453125 0.37890625 0.25625 0.2671875
26 0.51484375 0.14921875 0.1921875 0.215625
26 0.4703125 0.37109375 0.2640625 0.26875
26 0.61328125 0.409375 0.259375 0.2578125
26 0.6265625 0.20546875 0.2296875 0.2234375
26 0.75703125 0.22109375 0.2125 0.2265625
26 0.40390625 0.83203125 0.271875 0.23125
26 0.6140625 0.8609375 0.2453125 0.228125
26 0.26953125 0.13515625 0.2921875 0.2703125
26 0.15390625 0.78828125 0.3078125 0.2609375
26 0.15859375 0.57109375 0.30625 0.3125
26 0.1765625 0.32734375 0.2359375 0.290625
26 0.47734375 0.54765625 0.4125 0.20625