8 0.36015625 0.11328125 0.040625 0.04375
43 0.38203125 0.459375 0.1921875 0.0890625
8 0.34921875 0.06640625 0.040625 0.04375
43 0.3453125 0.17890625 0.1453125 0.0796875
43 0.4296875 0.41328125 0.0546875 0.0265625
56 0.3734375 0.44375 0.00625 0.0046875
43 0.4203125 0.35703125 0.0515625 0.025
43 0.48359375 0.7140625 0.0734375 0.03125
43 0.50390625 0.80078125 0.06875 0.0296875
60 0.359375 0.49375 0.06875 0.0328125
43 0.46328125 0.625 0.046875 0.025
43 0.3515625 0.0453125 0.0796875 0.0453125
60 0.3703125 0.11328125 0.090625 0.1171875
60 0.4203125 0.41015625 0.0109375 0.0078125
8 0.51171875 0.9921875 0.0234375 0.015625