55 0.459375 0.4515625 0.159375 0.3421875
18 0.76015625 0.2328125 0.0953125 0.0515625
18 0.80859375 0.31328125 0.1171875 0.0578125
18 0.7703125 0.253125 0.0546875 0.0203125
18 0.83671875 0.24921875 0.0796875 0.096875
55 0.57890625 0.08828125 0.26875 0.1578125
55 0.4234375 0.121875 0.115625 0.1671875
55 0.1546875 0.646875 0.1078125 0.125
55 0.5359375 0.078125 0.1859375 0.140625
55 0.84453125 0.11328125 0.2140625 0.2203125
13 0.1859375 0.5234375 0.1640625 0.221875
13 0.5609375 0.209375 0.2734375 0.2640625
13 0.73046875 0.08671875 0.3265625 0.1734375
13 0.50234375 0.5 0.221875 0.290625
13 0.80859375 0.24921875 0.3296875 0.2984375
13 0.38046875 0.396875 0.178125 0.2296875
13 0.28515625 0.38359375 0.1734375 0.25625
13 0.21484375 0.68671875 0.0921875 0.146875
13 0.14453125 0.4234375 0.1546875 0.165625
14 0.5921875 0.6609375 0.06875 0.0390625
14 0.85 0.47109375 0.06875 0.06875
14 0.62890625 0.69765625 0.0640625 0.04375
18 0.821875 0.19609375 0.071875 0.0515625
18 0.86953125 0.27265625 0.06875 0.0328125
24 0.503125 0.5 0.99375 1
28 0.925 0.53046875 0.15 0.1546875
55 0.24375 0.2921875 0.0703125 0.078125
13 0.27265625 0.78828125 0.10625 0.1625
13 0.35625 0.8859375 0.1546875 0.2015625
13 0.45859375 0.9453125 0.1703125 0.109375
14 0.7828125 0.74296875 0.0625 0.0703125
18 0.865625 0.3125 0.071875 0.065625
18 0.725 0.0421875 0.034375 0.0234375
18 0.81484375 0.3359375 0.0640625 0.0578125
18 0.82421875 0.65 0.096875 0.0796875
18 0.7671875 0.275 0.0515625 0.0421875
18 0.90078125 0.23203125 0.0265625 0.0359375
55 0.225 0.2046875 0.0234375 0.034375
14 0.7125 0.55390625 0.05 0.04375
14 0.64375 0.51015625 0.071875 0.0390625
14 0.6046875 0.73671875 0.0328125 0.0296875
13 0.553125 0.85546875 0.234375 0.2890625