45 0.15703125 0.4796875 0.175 0.1515625
24 0.5953125 0.5 0.809375 1
23 0.6765625 0.3125 0.3515625 0.3671875
36 0.76015625 0.5546875 0.36875 0.2796875
55 0.68984375 0.46328125 0.209375 0.1890625
16 0.63125 0.68828125 0.346875 0.2953125
11 0.5015625 0.496875 0.2578125 0.2609375
7 0.228125 0.8734375 0.1953125 0.159375
7 0.13515625 0.5828125 0.0578125 0.0765625
68 0.15625 0.309375 0.265625 0.2359375
68 0.028125 0.57734375 0.05625 0.0921875
32 0.44921875 0.4328125 0.5984375 0.8078125
43 0.1734375 0.13125 0.0828125 0.0625
7 0.16640625 0.66640625 0.1328125 0.1328125
7 0.296875 0.578125 0.1015625 0.10625
24 0.2765625 0.31640625 0.1734375 0.3265625