8 0.09296875 0.55625 0.040625 0.0359375
43 0.4359375 0.60703125 0.0703125 0.1875
8 0.04453125 0.5578125 0.040625 0.0359375
43 0.15390625 0.584375 0.0671875 0.140625
43 0.4 0.55 0.021875 0.0546875
56 0.41796875 0.6125 0.003125 0.00625
43 0.34375 0.5484375 0.0203125 0.0515625
43 0.70546875 0.5609375 0.0234375 0.0734375
43 0.7953125 0.55859375 0.0234375 0.0671875
60 0.46484375 0.63671875 0.0265625 0.0671875
43 0.61484375 0.5625 0.0203125 0.0453125
43 0.02421875 0.55078125 0.0375 0.0765625
60 0.09453125 0.546875 0.109375 0.0796875
60 0.3953125 0.559375 0.00625 0.009375
8 0.98671875 0.590625 0.0171875 0.0234375