45 0.521875 0.84296875 0.1375 0.16875
24 0.47890625 0.3890625 0.9578125 0.778125
23 0.2921875 0.34765625 0.35 0.33125
36 0.52265625 0.23515625 0.246875 0.3625
55 0.440625 0.31640625 0.175 0.2
16 0.67109375 0.346875 0.2703125 0.3359375
11 0.496875 0.49921875 0.246875 0.2421875
7 0.90390625 0.725 0.14375 0.190625
7 0.6265625 0.85234375 0.075 0.0515625
68 0.35234375 0.8640625 0.21875 0.25625
68 0.6390625 0.96484375 0.08125 0.0703125
32 0.4390625 0.55859375 0.8 0.528125
43 0.17421875 0.86875 0.0546875 0.08125
7 0.70546875 0.8109375 0.125 0.125
7 0.6015625 0.69140625 0.1 0.0953125
24 0.34453125 0.74375 0.334375 0.1375
68 0.67890625 0.984375 0.0671875 0.03125