3 0.19375 0.30078125 0.0359375 0.1234375
4 0.20859375 0.04375 0.021875 0.034375
4 0.85625 0.621875 0.0203125 0.0421875
4 0.4671875 0.87734375 0.0125 0.0234375
43 0.3296875 0.78828125 0.05625 0.13125
43 0.47421875 0.834375 0.08125 0.1734375
43 0.571875 0.85390625 0.0671875 0.146875
43 0.8515625 0.615625 0.0828125 0.2203125
43 0.21875 0.171875 0.1046875 0.25625
43 0.18203125 0.08984375 0.0828125 0.1796875
43 0.1421875 0.096875 0.09375 0.19375
43 0.04296875 0.7640625 0.0328125 0.05
43 0.06796875 0.746875 0.04375 0.11875
43 0.47109375 0.9140625 0.0578125 0.128125
43 0.03984375 0.70625 0.0453125 0.1109375
43 0.0265625 0.68984375 0.0375 0.109375