67 0.2921875 0.484375 0.584375 0.55
12 0.12890625 0.2828125 0.2578125 0.175
11 0.66796875 0.6828125 0.1234375 0.046875
11 0.69921875 0.8109375 0.1890625 0.1390625
11 0.65 0.63515625 0.1265625 0.046875
11 0.65234375 0.64296875 0.128125 0.0453125
11 0.6546875 0.65546875 0.1234375 0.046875
11 0.303125 0.7578125 0.1625 0.0984375
11 0.6609375 0.66484375 0.13125 0.0546875
11 0.66875 0.69609375 0.165625 0.175
11 0.1265625 0.81953125 0.1484375 0.2578125
59 0.8859375 0.32109375 0.1625 0.13125
13 0.7234375 0.27890625 0.084375 0.0953125
11 0.66796875 0.1703125 0.0421875 0.1078125
11 0.65546875 0.17265625 0.04375 0.1109375
11 0.64375 0.17890625 0.0421875 0.1078125
59 0.90859375 0.70625 0.1625 0.1171875
11 0.63125 0.18359375 0.0421875 0.1078125
12 0.75625 0.36328125 0.1828125 0.1