55 0.56328125 0.89921875 0.5515625 0.2015625
14 0.53984375 0.29453125 0.1359375 0.1484375
14 0.56328125 0.4375 0.3734375 0.3453125
18 0.50625 0.1328125 0.2015625 0.2296875
18 0.321875 0.23125 0.184375 0.215625
18 0.24765625 0.3640625 0.1734375 0.2125
18 0.23046875 0.21875 0.1609375 0.203125
18 0.55625 0.65390625 0.0859375 0.1
18 0.46484375 0.80859375 0.1640625 0.1859375
13 0.5 0.5 1 1
18 0.61484375 0.5515625 0.190625 0.21875
18 0.734375 0.55 0.15625 0.1890625
18 0.246875 0.77265625 0.1234375 0.1296875
18 0.40546875 0.459375 0.1265625 0.15