17 0.58359375 0.73984375 0.0484375 0.053125
17 0.60625 0.82109375 0.040625 0.0453125
17 0.565625 0.690625 0.034375 0.0421875
17 0.63046875 0.921875 0.046875 0.0515625
65 0.41015625 0.4890625 0.5734375 0.803125
17 0.5890625 0.784375 0.0390625 0.0453125
17 0.67734375 0.9171875 0.021875 0.0296875
66 0.55 0.5203125 0.0375 0.04375
66 0.56171875 0.565625 0.0296875 0.040625
17 0.63828125 0.96796875 0.0421875 0.04375
17 0.58359375 0.75546875 0.04375 0.046875
17 0.57109375 0.596875 0.01875 0.0265625
17 0.5625 0.56796875 0.0296875 0.0359375
17 0.55078125 0.54296875 0.0234375 0.0328125
17 0.6046875 0.778125 0.025 0.0328125
17 0.578125 0.72265625 0.0375 0.0390625