12 0.41953125 0.62109375 0.0296875 0.0578125
12 0.44140625 0.60859375 0.025 0.0453125
12 0.45234375 0.6078125 0.0296875 0.059375
12 0.428125 0.6140625 0.0265625 0.0515625
12 0.28046875 0.45234375 0.0484375 0.071875
46 0.26796875 0.5796875 0.2375 0.321875
12 0.23984375 0.4546875 0.040625 0.0796875
12 0.42265625 0.68125 0.025 0.0375
12 0.478125 0.71953125 0.025 0.034375
12 0.43515625 0.74140625 0.0265625 0.0375
12 0.41953125 0.74921875 0.028125 0.0375
21 0.48671875 0.08046875 0.2703125 0.1609375
70 0.76015625 0.48984375 0.0390625 0.0625
70 0.7734375 0.47421875 0.0484375 0.08125
70 0.8203125 0.44921875 0.04375 0.071875
70 0.88828125 0.421875 0.0546875 0.084375
70 0.85703125 0.43046875 0.05 0.0875
70 0.8390625 0.4390625 0.04375 0.0796875
23 0.73359375 0.41015625 0.0546875 0.0546875
23 0.78203125 0.3890625 0.046875 0.05
23 0.69609375 0.43125 0.040625 0.0421875
23 0.6703125 0.44921875 0.040625 0.0421875
13 0.1921875 0.63515625 0.090625 0.05
38 0.3734375 0.5375 0.0984375 0.0859375
42 0.5046875 0.409375 0.0921875 0.0921875
70 0.86953125 0.428125 0.04375 0.0859375
70 0.80546875 0.4609375 0.0484375 0.08125
70 0.78828125 0.46640625 0.0390625 0.0734375
23 0.71875 0.41875 0.046875 0.053125
23 0.26796875 0.7890625 0.0359375 0.0484375
23 0.23828125 0.79609375 0.03125 0.034375
23 0.28125 0.77109375 0.0140625 0.0171875
23 0.72734375 0.48203125 0.0390625 0.046875
23 0.76171875 0.40234375 0.0359375 0.0453125
13 0.22109375 0.653125 0.0453125 0.0234375
13 0.196875 0.64453125 0.0875 0.0375
13 0.196875 0.653125 0.0796875 0.0375
13 0.2 0.65703125 0.0875 0.040625
13 0.4703125 0.6515625 0.025 0.025
24 0.1671875 0.115625 0.2125 0.1