20 0.46484375 0.50390625 0.0453125 0.05
43 0.4703125 0.56328125 0.9375 0.8734375
43 0.11328125 0.396875 0.2265625 0.4875
43 0.1546875 0.490625 0.271875 0.375
43 0.77734375 0.74609375 0.4453125 0.5078125
20 0.91484375 0.74296875 0.03125 0.0296875
43 0.25625 0.315625 0.090625 0.1
43 0.303125 0.4125 0.196875 0.225
43 0.68515625 0.509375 0.1265625 0.1875
43 0.70390625 0.54921875 0.146875 0.2046875
43 0.26015625 0.528125 0.134375 0.1453125
43 0.1703125 0.3171875 0.1640625 0.2296875
43 0.7234375 0.625 0.16875 0.1890625