45 0.26875 0.75390625 0.178125 0.159375
24 0.54609375 0.44296875 0.9078125 0.8859375
23 0.465625 0.2453125 0.3640625 0.3765625
36 0.70625 0.33203125 0.36875 0.2984375
55 0.590625 0.3296875 0.2125 0.196875
16 0.72890625 0.51640625 0.3515625 0.3125
11 0.4984375 0.496875 0.265625 0.26875
7 0.61875 0.93046875 0.196875 0.1390625
7 0.334375 0.8359375 0.0625 0.0765625
68 0.1359375 0.646875 0.2703125 0.246875
68 0.24140625 0.94296875 0.1265625 0.1
32 0.41640625 0.496875 0.64375 0.8078125
43 0.02421875 0.52109375 0.0484375 0.0671875
7 0.41953125 0.8640625 0.1375 0.1375
7 0.4328125 0.70625 0.1046875 0.1078125
24 0.21640625 0.5578125 0.1984375 0.3171875
68 0.25 0.9734375 0.103125 0.053125