8 0.465625 0.08984375 0.0375 0.0421875
43 0.396875 0.43046875 0.1890625 0.0796875
8 0.46640625 0.0421875 0.0375 0.0421875
43 0.43359375 0.15 0.1421875 0.0734375
43 0.4546875 0.39765625 0.0546875 0.0234375
56 0.3921875 0.4125 0.00625 0.003125
43 0.46015625 0.34140625 0.0515625 0.021875
43 0.428125 0.70234375 0.0734375 0.028125
43 0.42578125 0.79140625 0.0671875 0.0265625
60 0.365625 0.4578125 0.0671875 0.0296875
43 0.43203125 0.61171875 0.0453125 0.0234375
43 0.47421875 0.021875 0.078125 0.0421875
60 0.47421875 0.09296875 0.0859375 0.1140625
60 0.44609375 0.3921875 0.009375 0.0078125
8 0.384375 0.98125 0.0234375 0.0171875