43 0.42890625 0.5359375 0.8578125 0.928125
47 0.67734375 0.6890625 0.09375 0.0671875
11 0.4625 0.6859375 0.06875 0.1078125
11 0.2921875 0.14609375 0.025 0.0296875
11 0.22265625 0.11015625 0.0375 0.0484375
11 0.2125 0.10625 0.034375 0.046875
11 0.24921875 0.12578125 0.0734375 0.06875
11 0.30546875 0.06484375 0.2078125 0.1296875
11 0.39140625 0.0234375 0.0453125 0.046875
54 0.04765625 0.65390625 0.0953125 0.2703125
45 0.88046875 0.6921875 0.16875 0.1734375
45 0.8421875 0.5875 0.1875 0.196875
45 0.93671875 0.575 0.1265625 0.19375