17 0.09140625 0.35234375 0.0265625 0.0203125
17 0.3515625 0.99453125 0.028125 0.0109375
17 0.0234375 0.35390625 0.028125 0.028125
17 0.18984375 0.40625 0.0265625 0.0203125
0 0.4578125 0.48671875 0.28125 0.496875
66 0.0640625 0.23203125 0.0640625 0.0453125
64 0.63046875 0.3703125 0.0046875 0.0046875
17 0.0109375 0.2453125 0.021875 0.025
17 0.065625 0.29140625 0.0234375 0.0171875
17 0.0796875 0.2734375 0.0265625 0.0203125
17 0.09375 0.38671875 0.025 0.01875
17 0.52109375 0.4859375 0.015625 0.0109375
17 0.46171875 0.0875 0.015625 0.0140625
17 0.140625 0.41640625 0.034375 0.0234375
15 0.540625 0.66484375 0.0296875 0.0390625
66 0.534375 0.5171875 0.0359375 0.0234375
17 0.55703125 0.4484375 0.0109375 0.0109375
15 0.11875 0.79609375 0.05 0.028125
66 0.01015625 0.24453125 0.0203125 0.0234375