8 0.36484375 0.88828125 0.05 0.0515625
43 0.56640625 0.60546875 0.190625 0.1453125
8 0.34453125 0.93203125 0.05 0.0515625
43 0.41796875 0.846875 0.1484375 0.1203125
43 0.49921875 0.61171875 0.0546875 0.0421875
56 0.56328125 0.62421875 0.00625 0.00625
43 0.471875 0.66171875 0.0515625 0.040625
43 0.64765625 0.34453125 0.071875 0.053125
43 0.6859375 0.2640625 0.0671875 0.05
60 0.60546875 0.59375 0.06875 0.053125
43 0.6078125 0.42578125 0.046875 0.0375
43 0.3296875 0.946875 0.0828125 0.0671875
60 0.3578125 0.8828125 0.11875 0.1296875
60 0.50546875 0.6203125 0.0109375 0.009375
8 0.8015625 0.1078125 0.0265625 0.025