21 0.465625 0.6671875 0.3890625 0.221875
43 0.2359375 0.515625 0.471875 0.79375
23 0.33671875 0.840625 0.15 0.1328125
23 0.75859375 0.1546875 0.059375 0.0453125
36 0.70390625 0.5703125 0.1515625 0.165625
16 0.70390625 0.709375 0.5921875 0.434375
43 0.840625 0.278125 0.31875 0.54375
24 0.55546875 0.71796875 0.8890625 0.5640625
43 0.5421875 0.35625 0.65 0.7125
23 0.584375 0.11796875 0.0734375 0.0609375
23 0.71015625 0.02421875 0.0640625 0.0484375
23 0.72109375 0.07109375 0.0671875 0.05625
23 0.79453125 0.04140625 0.053125 0.0484375
23 0.40546875 0.253125 0.0578125 0.0484375
23 0.36328125 0.26640625 0.0671875 0.05625
23 0.33984375 0.225 0.059375 0.0546875
23 0.278125 0.296875 0.0546875 0.0484375