64 0.4625 0.84453125 0.0703125 0.040625
64 0.4609375 0.90390625 0.0515625 0.0421875
1 0.821875 0.66875 0.1203125 0.084375
66 0.70390625 0.43984375 0.2734375 0.3328125
66 0.67890625 0.09921875 0.1453125 0.1984375
43 0.8640625 0.70546875 0.271875 0.1265625
43 0.76875 0.59375 0.1671875 0.053125
43 0.76328125 0.63828125 0.1265625 0.040625
43 0.76875 0.56015625 0.1546875 0.0328125
43 0.7828125 0.509375 0.1625 0.059375
43 0.70625 0.084375 0.0890625 0.028125
43 0.73125 0.784375 0.078125 0.0203125
43 0.7734375 0.475 0.1578125 0.0390625
43 0.74921875 0.85 0.1015625 0.0359375
43 0.7328125 0.76015625 0.0796875 0.0296875
43 0.7609375 0.62265625 0.1484375 0.03125
64 0.6359375 0.62890625 0.0234375 0.01875
64 0.66171875 0.94453125 0.015625 0.0109375
64 0.61171875 0.94453125 0.025 0.0109375
1 0.7390625 0.653125 0.0421875 0.01875
32 0.76484375 0.496875 0.0296875 0.021875
43 0.73984375 0.6734375 0.0859375 0.0375
66 0.815625 0.0890625 0.334375 0.178125
66 0.70546875 0.79296875 0.1359375 0.2265625
66 0.66796875 0.23125 0.0296875 0.040625
64 0.4046875 0.853125 0.0328125 0.025
32 0.7484375 0.8375 0.025 0.0109375
43 0.70859375 0.13828125 0.0859375 0.0265625
64 0.559375 0.51953125 0.028125 0.0125
64 0.55859375 0.5296875 0.025 0.0109375
64 0.64921875 0.90234375 0.009375 0.0078125
32 0.75 0.65234375 0.0609375 0.0203125
32 0.7015625 0.24609375 0.009375 0.009375