67 0.3625 0.68359375 0.5578125 0.63125
12 0.09765625 0.7203125 0.1796875 0.3234375
11 0.74453125 0.45859375 0.0484375 0.1234375
11 0.86953125 0.50234375 0.1421875 0.1890625
11 0.69453125 0.44765625 0.05 0.1265625
11 0.703125 0.45 0.046875 0.128125
11 0.71484375 0.45546875 0.0484375 0.1234375
11 0.609375 0.80546875 0.1 0.1640625
11 0.7265625 0.4546875 0.05625 0.13125
11 0.75625 0.465625 0.1765625 0.1671875
11 0.56328125 0.95546875 0.2578125 0.0890625
59 0.559375 0.0796875 0.134375 0.159375
13 0.43671875 0.1921875 0.096875 0.084375
40 0.10546875 0.8765625 0.0828125 0.065625
11 0.315625 0.1796875 0.1078125 0.04375
11 0.31015625 0.19140625 0.1109375 0.0453125
11 0.309375 0.2046875 0.10625 0.04375
59 0.8953125 0.26953125 0.11875 0.1640625
11 0.30625 0.21796875 0.10625 0.04375
12 0.525 0.21015625 0.1015625 0.1828125