43 0.44609375 0.425 0.8921875 0.796875
47 0.34453125 0.70703125 0.0546875 0.0953125
11 0.31015625 0.4953125 0.1109375 0.053125
11 0.8125 0.23359375 0.028125 0.021875
11 0.83515625 0.15859375 0.0484375 0.03125
11 0.83828125 0.1484375 0.0484375 0.028125
11 0.825 0.18828125 0.0625 0.0703125
11 0.90546875 0.23203125 0.1265625 0.209375
11 0.953125 0.3109375 0.0515625 0.040625
54 0.25546875 0.06015625 0.2546875 0.1203125
45 0.37734375 0.9078125 0.1625 0.1546875
45 0.4734375 0.85234375 0.1859375 0.1703125
45 0.5046875 0.94453125 0.1875 0.1109375