43 0.5125 0.24921875 0.425 0.4984375
43 0.09140625 0.4453125 0.1828125 0.2
60 0.41875 0.24296875 0.2109375 0.134375
21 0.76953125 0.734375 0.0890625 0.0625
21 0.684375 0.7015625 0.0953125 0.06875
21 0.51484375 0.63515625 0.1 0.071875
21 0.47734375 0.4875 0.1171875 0.08125
21 0.64921875 0.6390625 0.1078125 0.0796875
21 0.73046875 0.678125 0.1046875 0.0734375
21 0.8234375 0.7109375 0.0984375 0.06875
21 0.85390625 0.76640625 0.0984375 0.065625
21 0.178125 0.3578125 0.1375 0.1125
21 0.31953125 0.47734375 0.10625 0.06875
21 0.37734375 0.4484375 0.1078125 0.0765625
21 0.4578125 0.57109375 0.1625 0.159375
21 0.60859375 0.65625 0.1109375 0.0953125