68 0.2828125 0.75625 0.403125 0.415625
68 0.33359375 0.609375 0.2765625 0.2953125
68 0.3265625 0.528125 0.221875 0.24375
68 0.3609375 0.4609375 0.128125 0.1328125
68 0.30703125 0.42421875 0.0921875 0.1484375
68 0.39375 0.33125 0.08125 0.09375
68 0.28359375 0.221875 0.21875 0.125
68 0.4078125 0.8234375 0.659375 0.353125
68 0.3109375 0.8984375 0.284375 0.2
68 0.33671875 0.6546875 0.29375 0.2625
68 0.36640625 0.53359375 0.1953125 0.1828125
43 0.57421875 0.44375 0.459375 0.2390625
43 0.6609375 0.228125 0.4359375 0.2140625
43 0.6265625 0.796875 0.428125 0.2578125
43 0.62265625 0.153125 0.146875 0.1109375
43 0.54765625 0.12890625 0.10625 0.06875
43 0.6546875 0.08984375 0.128125 0.109375
43 0.49453125 0.1109375 0.0828125 0.046875
68 0.38515625 0.38125 0.13125 0.1546875
32 0.8234375 0.93671875 0.1046875 0.1140625
21 0.78828125 0.553125 0.4234375 0.53125
43 0.50234375 0.6296875 0.0765625 0.0921875
43 0.4640625 0.49765625 0.0875 0.0640625
43 0.5234375 0.06171875 0.0328125 0.01875
43 0.86953125 0.75390625 0.1890625 0.2203125
43 0.45703125 0.4640625 0.0875 0.05
21 0.5953125 0.64765625 0.1453125 0.1609375
21 0.58125 0.884375 0.3125 0.23125
21 0.80234375 0.98046875 0.0953125 0.0390625
21 0.6171875 0.6421875 0.103125 0.13125
21 0.6890625 0.98125 0.21875 0.0375
21 0.55703125 0.63125 0.075 0.103125
21 0.66796875 0.63828125 0.08125 0.128125
21 0.51171875 0.63203125 0.0875 0.1125
43 0.571875 0.0171875 0.0609375 0.03125
68 0.38828125 0.16796875 0.1046875 0.1234375
32 0.734375 0.90546875 0.046875 0.0703125
32 0.73203125 0.8640625 0.1703125 0.1421875