17 0.74140625 0.57734375 0.05 0.040625
17 0.8203125 0.6078125 0.0421875 0.0359375
17 0.6921875 0.5625 0.0390625 0.028125
17 0.915625 0.65 0.0484375 0.040625
65 0.4375 0.56484375 0.796875 0.43125
17 0.78046875 0.59921875 0.0421875 0.0328125
17 0.93984375 0.609375 0.028125 0.0171875
66 0.546875 0.47265625 0.0421875 0.03125
66 0.5890625 0.48984375 0.040625 0.0234375
17 0.95703125 0.67109375 0.040625 0.0375
17 0.7546875 0.58671875 0.04375 0.0390625
17 0.6203125 0.5015625 0.0265625 0.0140625
17 0.5921875 0.490625 0.034375 0.025
17 0.56484375 0.48515625 0.03125 0.01875
17 0.78515625 0.58359375 0.03125 0.0203125
17 0.72421875 0.571875 0.034375 0.034375