21 0.32734375 0.321875 0.1859375 0.19375
21 0.46640625 0.40078125 0.1796875 0.26875
28 0.52734375 0.87578125 0.3390625 0.2484375
36 0.36484375 0.8546875 0.078125 0.25
44 0.39453125 0.875 0.5515625 0.25
24 0.3578125 0.19921875 0.253125 0.203125
43 0.61328125 0.5 0.7734375 1
43 0.221875 0.4953125 0.44375 0.65625
43 0.56171875 0.1546875 0.2546875 0.309375
43 0.44765625 0.09140625 0.1453125 0.1828125
43 0.37265625 0.07890625 0.1609375 0.1578125
43 0.17578125 0.1515625 0.2734375 0.303125
43 0.3265625 0.03671875 0.071875 0.0734375
43 0.74375 0.13359375 0.090625 0.1828125
23 0.37265625 0.15 0.0375 0.0421875
21 0.0625 0.3609375 0.125 0.359375
21 0.72734375 0.21875 0.040625 0.034375
24 0.975 0.346875 0.05 0.090625
43 0.5203125 0.028125 0.034375 0.05625
43 0.66875 0.1234375 0.1625 0.215625
24 0.46484375 0.8375 0.9296875 0.325
23 0.33984375 0.1453125 0.0390625 0.0515625
23 0.4125 0.15859375 0.0375 0.040625
23 0.43828125 0.16171875 0.0359375 0.0515625