3 0.49453125 0.134375 0.1203125 0.0484375
4 0.7140625 0.0078125 0.034375 0.015625
4 0.5984375 0.86328125 0.0421875 0.0234375
4 0.16875 0.68359375 0.0234375 0.0140625
43 0.165625 0.5203125 0.1296875 0.06875
43 0.20859375 0.66484375 0.1734375 0.096875
43 0.246875 0.7578125 0.1453125 0.08125
43 0.60078125 0.85625 0.2171875 0.103125
43 0.6140625 0.08359375 0.253125 0.1296875
43 0.6625 0.028125 0.178125 0.05625
43 0.64453125 0.0140625 0.2171875 0.028125
43 0.025 0.26796875 0.05 0.0359375
43 0.05625 0.27890625 0.1125 0.0546875
43 0.140625 0.70703125 0.1265625 0.06875
43 0.07109375 0.23359375 0.109375 0.0546875
43 0.078125 0.2140625 0.10625 0.0484375