43 0.6140625 0.77421875 0.015625 0.03046875
43 0.5359375 0.75546875 0.0109375 0.03046875
43 0.52578125 0.753125 0.009375 0.0328125
43 0.6390625 0.77578125 0.0234375 0.03046875
35 0.69296875 0.4671875 0.028125 0.03515625
35 0.44609375 0.596875 0.015625 0.0140625
35 0.6890625 0.2078125 0.015625 0.03046875
35 0.47578125 0.49921875 0.034375 0.02578125
43 0.8796875 0.7640625 0.0109375 0.04453125
43 0.8453125 0.75546875 0.0078125 0.03515625
17 0.44296875 0.73515625 0.015625 0.01171875
17 0.49453125 0.7453125 0.015625 0.01171875
17 0.46796875 0.74453125 0.0140625 0.009375
17 0.415625 0.759375 0.0296875 0.01640625
35 0.13046875 0.8109375 0.065625 0.03046875
35 0.63046875 0.66015625 0.059375 0.0375
43 0.43515625 0.778125 0.0125 0.03046875
43 0.8546875 0.76171875 0.00625 0.0375
43 0.91953125 0.76171875 0.0078125 0.0234375
43 0.39453125 0.76640625 0.0078125 0.05390625
43 0.37109375 0.76484375 0.0125 0.05625
43 0.35 0.7640625 0.0125 0.06328125