43 0.421875 0.3265625 0.84375 0.584375
55 0.15 0.6546875 0.05625 0.025
38 0.13203125 0.88984375 0.259375 0.209375
28 0.35546875 0.9546875 0.096875 0.0140625
36 0.184375 0.7046875 0.08125 0.028125
36 0.19140625 0.7171875 0.10625 0.0265625
55 0.2109375 0.640625 0.059375 0.0375
55 0.15 0.62109375 0.0953125 0.0578125
55 0.6015625 0.64140625 0.26875 0.0265625
55 0.6078125 0.66953125 0.240625 0.025
55 0.3203125 0.525 0.15625 0.03125
36 0.171875 0.728125 0.078125 0.0265625
36 0.19609375 0.734375 0.075 0.0234375
36 0.171875 0.73984375 0.078125 0.025
22 0.93984375 0.04921875 0.1203125 0.0859375
55 0.1125 0.64921875 0.0515625 0.0515625
55 0.25859375 0.62265625 0.075 0.028125
55 0.0640625 0.6109375 0.053125 0.025
55 0.1359375 0.6375 0.059375 0.0359375
55 0.84609375 0.98359375 0.053125 0.009375