8 0.67265625 0.8734375 0.0421875 0.046875
43 0.62109375 0.53046875 0.19375 0.103125
8 0.68828125 0.91875 0.0421875 0.046875
43 0.68203125 0.80625 0.1484375 0.090625
43 0.57734375 0.58046875 0.05625 0.03125
56 0.63125 0.5453125 0.00625 0.0046875
43 0.5921875 0.6359375 0.053125 0.028125
43 0.4984375 0.28515625 0.075 0.0375
43 0.46953125 0.20078125 0.06875 0.0359375
60 0.640625 0.49375 0.06875 0.0390625
43 0.52578125 0.371875 0.046875 0.028125
43 0.6875 0.940625 0.08125 0.0515625
60 0.66328125 0.87421875 0.0984375 0.121875
60 0.5875 0.5828125 0.0109375 0.0078125
8 0.44375 0.009375 0.025 0.01875