17 0.103125 0.32421875 0.025 0.01875
17 0.31640625 0.98828125 0.0265625 0.01875
17 0.03515625 0.32109375 0.0265625 0.0265625
17 0.196875 0.384375 0.025 0.01875
0 0.45859375 0.48359375 0.2515625 0.4890625
66 0.084375 0.20234375 0.0625 0.040625
64 0.63984375 0.3796875 0.0046875 0.003125
17 0.00390625 0.18203125 0.0078125 0.0234375
17 0.02734375 0.2125 0.0265625 0.0234375
17 0.08125 0.26171875 0.0234375 0.015625
17 0.09609375 0.2453125 0.025 0.01875
17 0.10234375 0.35859375 0.025 0.0171875
17 0.521875 0.4875 0.015625 0.009375
17 0.490625 0.08515625 0.015625 0.0125
17 0.14765625 0.39140625 0.0328125 0.0203125
15 0.52890625 0.6671875 0.028125 0.0390625
66 0.5328125 0.51953125 0.034375 0.0203125
17 0.56015625 0.45234375 0.0109375 0.0109375
15 0.09921875 0.76875 0.0484375 0.0265625
66 0.02578125 0.2109375 0.0265625 0.021875