55 0.55546875 0.46953125 0.33125 0.109375
18 0.7125 0.80625 0.0375 0.090625
18 0.62421875 0.8390625 0.040625 0.1125
18 0.690625 0.8125 0.0125 0.053125
18 0.68203125 0.878125 0.0890625 0.0671875
55 0.8890625 0.65625 0.1203125 0.2546875
55 0.8859375 0.49765625 0.1546875 0.09375
55 0.421875 0.1328125 0.1125 0.0921875
55 0.90703125 0.615625 0.115625 0.1703125
55 0.8140625 0.90859375 0.19375 0.1828125
13 0.53671875 0.1875 0.203125 0.134375
13 0.7734375 0.61484375 0.23125 0.2421875
13 0.89609375 0.8125 0.2015625 0.3
13 0.49921875 0.50234375 0.2671875 0.1828125
13 0.68671875 0.85078125 0.25625 0.2953125
13 0.62421875 0.40234375 0.2109375 0.146875
13 0.65546875 0.3109375 0.2375 0.1390625
13 0.37109375 0.184375 0.1390625 0.071875
13 0.64296875 0.165625 0.146875 0.134375
14 0.325 0.559375 0.0296875 0.065625
14 0.46171875 0.84921875 0.0609375 0.0609375
14 0.28125 0.5890625 0.0359375 0.059375
18 0.7375 0.8734375 0.0421875 0.065625
18 0.65234375 0.90546875 0.0234375 0.065625
24 0.5 0.5390625 1 0.921875
28 0.38828125 0.91640625 0.1359375 0.1390625
55 0.753125 0.28828125 0.0703125 0.0609375
13 0.26015625 0.221875 0.1515625 0.084375
13 0.1484375 0.28515625 0.184375 0.128125
13 0.0578125 0.37265625 0.1140625 0.1546875
14 0.2078125 0.73203125 0.0640625 0.0546875
18 0.6140625 0.8953125 0.0578125 0.0640625
18 0.90625 0.8078125 0.01875 0.03125
18 0.60078125 0.83984375 0.05 0.0578125
18 0.290625 0.7890625 0.0671875 0.0890625
18 0.66953125 0.80546875 0.0359375 0.046875
18 0.68671875 0.94453125 0.0328125 0.021875
55 0.8421875 0.28671875 0.03125 0.01875
14 0.40703125 0.6984375 0.0375 0.04375
14 0.4625 0.6390625 0.0296875 0.06875
14 0.24765625 0.55703125 0.025 0.028125
13 0.1359375 0.48359375 0.271875 0.1953125