43 0.3625 0.23671875 0.01875 0.0328125
43 0.4421875 0.2484375 0.0140625 0.0328125
43 0.45234375 0.25 0.0125 0.0328125
43 0.3375 0.2375 0.0265625 0.0328125
35 0.3109375 0.54921875 0.03125 0.0359375
35 0.5453125 0.3984375 0.0171875 0.015625
35 0.3375 0.8078125 0.01875 0.0328125
35 0.52421875 0.4984375 0.0359375 0.028125
43 0.0984375 0.2703125 0.0140625 0.0453125
43 0.13359375 0.27578125 0.0109375 0.034375
17 0.5359375 0.2609375 0.0171875 0.0140625
17 0.484375 0.25546875 0.0171875 0.0140625
17 0.5109375 0.25390625 0.0140625 0.0109375
17 0.56171875 0.234375 0.03125 0.01875
35 0.84140625 0.1578125 0.06875 0.0375
35 0.35625 0.3515625 0.0625 0.0421875
43 0.540625 0.2171875 0.015625 0.0328125
43 0.12421875 0.2703125 0.009375 0.0375
43 0.059375 0.27578125 0.009375 0.0234375
43 0.58203125 0.22578125 0.0125 0.053125
43 0.60546875 0.225 0.0171875 0.0578125
43 0.6265625 0.22421875 0.0171875 0.0640625