61 0.40078125 0.7984375 0.24375 0.38125
43 0.11484375 0.584375 0.2296875 0.5125
43 0.65546875 0.84609375 0.2984375 0.3078125
43 0.15859375 0.5640625 0.2765625 0.384375
43 0.82578125 0.85703125 0.209375 0.2828125
43 0.15078125 0.2421875 0.05625 0.0921875
43 0.26328125 0.5515625 0.1078125 0.11875
43 0.65234375 0.6625 0.1015625 0.11875
43 0.61640625 0.58671875 0.0703125 0.071875
43 0.74296875 0.95234375 0.2015625 0.0953125
1 0.53671875 0.79453125 0.2921875 0.4109375
43 0.4734375 0.54453125 0.85625 0.9109375
43 0.7578125 0.69453125 0.0203125 0.025
43 0.74609375 0.84140625 0.2296875 0.3171875