17 0.07109375 0.4328125 0.028125 0.0234375
17 0.01015625 0.446875 0.0203125 0.03125
17 0.17734375 0.4671875 0.028125 0.0234375
0 0.45625 0.4953125 0.35625 0.5078125
66 0.02734375 0.31953125 0.0546875 0.0546875
64 0.60390625 0.34765625 0.00625 0.0046875
17 0.03359375 0.378125 0.025 0.0203125
17 0.04375 0.3578125 0.028125 0.0234375
17 0.0796875 0.46640625 0.0265625 0.021875
17 0.51796875 0.4828125 0.015625 0.0125
17 0.38359375 0.10234375 0.0171875 0.015625
17 0.13125 0.48671875 0.0359375 0.028125
15 0.57109375 0.65390625 0.0359375 0.0421875
66 0.53671875 0.51015625 0.0375 0.028125
17 0.54609375 0.43828125 0.0125 0.0125
15 0.1828125 0.86328125 0.0515625 0.0359375