56 0.58203125 0.46015625 0.1 0.1125
43 0.63515625 0.55234375 0.528125 0.5671875
43 0.75078125 0.31796875 0.19375 0.15
43 0.58359375 0.1625 0.0828125 0.128125
43 0.65546875 0.28046875 0.1453125 0.1125
43 0.83828125 0.52109375 0.14375 0.10625
43 0.80390625 0.86796875 0.171875 0.1265625
43 0.66171875 0.6390625 0.4 0.2453125
43 0.7734375 0.734375 0.1671875 0.1125
43 0.6546875 0.1515625 0.1140625 0.0828125
43 0.64375 0.109375 0.10625 0.0640625
43 0.77265625 0.39765625 0.0546875 0.05
43 0.5890625 0.009375 0.15 0.01875