12 0.64453125 0.48125 0.0390625 0.0546875
12 0.6203125 0.47265625 0.03125 0.04375
12 0.61328125 0.46484375 0.0390625 0.05625
12 0.6328125 0.47890625 0.034375 0.0484375
12 0.60859375 0.696875 0.0578125 0.0703125
46 0.7125 0.62265625 0.275 0.325
12 0.63671875 0.72578125 0.053125 0.075
12 0.6875 0.43984375 0.0296875 0.0375
12 0.68046875 0.371875 0.0296875 0.034375
12 0.725 0.390625 0.03125 0.0375
12 0.740625 0.396875 0.0328125 0.0390625
21 0.17109375 0.8015625 0.278125 0.2453125
70 0.321875 0.31015625 0.046875 0.0609375
70 0.30078125 0.31015625 0.0609375 0.0796875
70 0.2515625 0.29140625 0.053125 0.0703125
70 0.1859375 0.2578125 0.065625 0.0828125
70 0.21328125 0.27578125 0.0625 0.084375
70 0.23125 0.28359375 0.0546875 0.0765625
23 0.27890625 0.3828125 0.0578125 0.059375
23 0.23046875 0.36015625 0.0515625 0.053125
23 0.31953125 0.396875 0.04375 0.0453125
23 0.35 0.40546875 0.04375 0.0453125
13 0.80390625 0.64375 0.0859375 0.0625
38 0.61171875 0.57109375 0.103125 0.0953125
42 0.428125 0.55625 0.1 0.0984375
70 0.203125 0.26796875 0.0578125 0.08125
70 0.2703125 0.2953125 0.0609375 0.0796875
70 0.28515625 0.3046875 0.0515625 0.0703125
23 0.2953125 0.38828125 0.0515625 0.0546875
23 0.8703125 0.48515625 0.0421875 0.05
23 0.8953125 0.503125 0.034375 0.0359375
23 0.8484375 0.4875 0.015625 0.01875
23 0.33671875 0.33984375 0.0453125 0.05
23 0.2546875 0.36640625 0.040625 0.046875
13 0.7984375 0.61015625 0.04375 0.03125
13 0.8078125 0.63359375 0.08125 0.053125
13 0.81484375 0.628125 0.075 0.0484375
13 0.815625 0.6234375 0.08125 0.0546875
13 0.63359375 0.42265625 0.0265625 0.0265625
24 0.42734375 0.96796875 0.2015625 0.0640625