21 0.63125 0.2890625 0.1703125 0.1609375
21 0.58828125 0.44375 0.2515625 0.1390625
28 0.121875 0.62265625 0.24375 0.3046875
36 0.12421875 0.45390625 0.2484375 0.0359375
44 0.096875 0.49140625 0.190625 0.534375
24 0.7578125 0.2890625 0.1671875 0.2296875
43 0.50234375 0.65390625 0.9953125 0.6921875
43 0.42890625 0.203125 0.6015625 0.40625
43 0.8546875 0.47578125 0.290625 0.209375
43 0.896875 0.346875 0.1984375 0.1125
43 0.8984375 0.26953125 0.1828125 0.1328125
43 0.8046875 0.09921875 0.36875 0.1984375
43 0.93203125 0.21328125 0.1171875 0.053125
43 0.91328125 0.64765625 0.1734375 0.0609375
23 0.80859375 0.29140625 0.0390625 0.03125
21 0.52734375 0.0375 0.3546875 0.075
21 0.828125 0.65234375 0.0296875 0.0375
24 0.76875 0.94765625 0.078125 0.0890625
43 0.965625 0.40546875 0.059375 0.0234375
43 0.903125 0.571875 0.19375 0.13125
24 0.11640625 0.5078125 0.2328125 0.984375
23 0.8046875 0.25859375 0.0484375 0.03125
23 0.81015625 0.3328125 0.0359375 0.0328125
23 0.81328125 0.35859375 0.0484375 0.028125