21 0.26796875 0.41171875 0.1875 0.196875
21 0.428125 0.42421875 0.1828125 0.2703125
28 0.69296875 0.8484375 0.3421875 0.2953125
36 0.52734375 0.8765625 0.0828125 0.246875
44 0.56875 0.8765625 0.553125 0.246875
24 0.24375 0.2875 0.2546875 0.20625
43 0.60859375 0.5 0.7828125 1
43 0.2375 0.62578125 0.475 0.6609375
43 0.4078125 0.15859375 0.259375 0.3171875
43 0.27421875 0.1390625 0.146875 0.2140625
43 0.19765625 0.153125 0.1640625 0.2015625
43 0.08984375 0.27890625 0.1796875 0.3984375
43 0.13671875 0.13125 0.0734375 0.1234375
43 0.56640625 0.078125 0.0921875 0.15625
23 0.23671875 0.23671875 0.0375 0.04375
21 0.05546875 0.5609375 0.1109375 0.359375
21 0.5875 0.1484375 0.040625 0.0359375
24 0.88828125 0.15078125 0.1 0.0921875
43 0.31875 0.0609375 0.034375 0.0625
43 0.49375 0.09765625 0.165625 0.1953125
24 0.540625 0.83203125 0.91875 0.3359375
23 0.2046875 0.246875 0.0390625 0.053125
23 0.2765625 0.22734375 0.0375 0.040625
23 0.3015625 0.21953125 0.0359375 0.0515625