3 0.140625 0.4359375 0.025 0.125
4 0.05390625 0.19453125 0.01875 0.0328125
4 0.87578125 0.47265625 0.0171875 0.0421875
4 0.6171875 0.86015625 0.0109375 0.0234375
43 0.45625 0.83203125 0.046875 0.13125
43 0.60625 0.81796875 0.06875 0.1734375
43 0.7046875 0.79765625 0.05625 0.1453125
43 0.86875 0.46953125 0.0640625 0.221875
43 0.1125 0.3078125 0.084375 0.2578125
43 0.046875 0.246875 0.06875 0.1796875
43 0.0234375 0.25703125 0.046875 0.2203125
43 0.1828125 0.921875 0.0296875 0.05
43 0.1984375 0.89609375 0.034375 0.1203125
43 0.134375 0.98828125 0.021875 0.0234375
43 0.63515625 0.8921875 0.046875 0.128125
43 0.15703125 0.8703125 0.0359375 0.1109375
43 0.13828125 0.859375 0.028125 0.109375